53.729 
84.448 
292.724 
53.078 
83.515 
292.110 
55.461 
82.317 
288.827 
56.758 
85.991 
290.854 
56.420 
84.951 
291.848 
57.785 
84.471 
297.874 
58.396 
85.753 
296.307 
59.296 
85.509 
291.865 
53.795 
85.838 
300.798 
57.979 
86.399 
305.377 
55.416 
87.812 
267.137 
54.926 
86.300 
275.155 
55.304 
83.331 
256.526 
52.453 
82.226 
251.451 
58.694 
82.877 
251.426 
56.056 
86.131 
248.647 
55.232 
83.376 
250.513 
54.988 
84.700 
250.552 
56.880 
85.310 
258.154 
53.762 
84.983 
252.388 
52.972 
81.642 
251.252 
52.300 
84.522 
255.952 
52.856 
83.190 
252.647 
57.905 
86.330 
253.829 
56.322 
84.615 
248.655 
53.144 
83.321 
252.473 
54.345 
82.521 
253.165 
53.954 
84.003 
249.804 
55.067 
82.042 
249.296 
57.055 
80.892 
248.977 
54.552 
82.253 
250.119 
55.271 
86.661 
250.682 
56.297 
81.957 
255.119 
55.223 
83.378 
266.345 
52.954 
86.345 
249.735 
55.721 
83.218 
249.184 
53.922 
86.653 
260.531 
54.946 
83.732 
311.882 
53.627 
84.926 
250.565 
57.282 
86.084 
250.085 
54.378 
84.623 
250.857 
59.999 
84.059 
252.107 
55.033 
84.934 
253.022 
53.470 
83.544 
293.509 
56.805 
87.988 
290.379 
57.856 
85.259 
247.421 
53.889 
81.305 
250.837 
55.807 
85.897 
253.799 
55.243 
83.627 
249.231 
53.784 
85.590 
250.613 
61.084 
84.236 
252.157 
52.610 
88.615 
256.596 
53.386 
85.425 
249.151 
53.592 
82.417 
252.403 
53.959 
85.210 
251.097 
53.543 
84.958 
255.058 
58.131 
83.442 
249.589 
54.900 
85.468 
251.379 
56.868 
86.814 
250.523 
56.260 
82.626 
252.322 
54.955 
85.801 
267.070 
54.582 
85.905 
252.944 
56.155 
84.837 
256.017 
54.746 
84.432 
262.250 
57.525 
86.372 
253.189 
54.004 
82.918 
252.805 
54.838 
85.532 
252.228 
55.135 
84.478 
253.286 
55.456 
85.028 
252.675 
52.827 
85.721 
251.837 
53.307 
83.384 
248.951 
53.985 
85.148 
255.986 
55.171 
85.365 
253.968 
56.832 
84.995 
253.885 
56.026 
85.190 
274.654 
55.880 
84.104 
285.125 
53.972 
83.831 
254.945 
54.729 
82.843 
255.367 
55.807 
83.061 
258.648 
54.638 
83.773 
251.037 
55.258 
85.983 
284.380 
53.750 
82.951 
250.361 
52.504 
81.107 
249.362 
54.284 
84.541 
252.228 
54.887 
86.603 
250.085 
55.483 
84.651 
249.327 
55.057 
84.421 
256.881 
53.556 
86.121 
253.458 
54.626 
86.581 
251.679 
56.512 
81.847 
253.565 
54.960 
80.802 
247.971 
54.919 
85.500 
250.779 
54.242 
85.302 
254.247 
53.423 
85.746 
249.504 
52.614 
83.421 
297.574 
54.057 
80.994 
269.675 
53.671 
83.142 
253.266 
55.344 
84.031 
251.363 
55.581 
83.307 
250.928 
56.419 
82.734 
251.266 
55.237 
80.623 
275.245 
51.379 
82.798 
249.949 
55.099 
87.058 
294.129 
53.095 
86.823 
250.628 
55.652 
80.976 
250.364 
51.624 
82.139 
251.573 
55.801 
85.169 
251.996 
53.692 
85.994 
251.263 
54.156 
86.200 
249.227 
56.701 
85.713 
248.804 
54.147 
85.937 
250.373 
52.745 
84.068 
251.477 
55.453 
85.594 
251.143 
54.161 
84.379 
249.234 
54.734 
84.325 
251.106 
54.381 
83.398 
253.917 
52.263 
83.897 
251.701 
55.217 
86.156 
250.940 
54.744 
84.716 
248.493 
56.975 
85.189 
249.686 
54.042 
85.043 
250.363 
54.104 
81.223 
254.954 
54.284 
83.328 
251.260 
56.866 
83.885 
251.512 
55.758 
83.889 
249.179 
54.243 
83.778 
251.496 
53.395 
85.041 
249.474 
56.006 
83.900 
250.731 
55.706 
83.112 
250.540 
51.978 
81.804 
247.173 
55.837 
84.491 
250.510 
55.856 
85.338 
257.764 
55.729 
85.063 
251.169 
54.977 
85.965 
251.127 
52.665 
84.133 
250.864 
55.857 
86.013 
252.723 
56.522 
86.594 
249.735 
54.877 
86.945 
253.300 
55.848 
84.160 
250.548 
54.111 
85.176 
248.481 
55.935 
84.494 
253.595 
54.321 
82.943 
250.444 
54.926 
84.800 
251.001 
52.606 
84.994 
251.959 
55.354 
85.713 
251.567 
54.713 
86.058 
251.380 
53.820 
83.884 
250.298 
52.263 
82.560 
249.956 
51.693 
84.517 
251.528 
53.109 
83.054 
249.809 
53.649 
80.926 
253.438 
52.714 
87.494 
252.246 
55.170 
84.055 
250.665 
53.294 
86.609 
249.503 
53.591 
84.045 
248.640 
55.094 
85.293 
250.044 
53.705 
80.712 
249.440 
54.312 
84.510 
251.180 
53.265 
82.016 
249.301 
56.215 
83.691 
250.353 
53.508 
82.987 
253.257 
54.009 
83.530 
248.935 
52.886 
84.165 
253.311 
52.204 
82.809 
250.244 
55.293 
85.781 
249.389 
54.187 
83.379 
257.693 
54.359 
82.222 
251.789 
53.078 
87.267 
251.007 
53.902 
82.966 
251.450 
56.455 
85.107 
249.440 
55.244 
82.415 
250.680 
53.527 
82.318 
251.467 
53.562 
82.757 
250.256 
55.717 
84.458 
249.965 
53.600 
84.525 
250.155 
53.679 
87.807 
248.925 
55.221 
82.274 
249.957 
57.258 
86.194 
250.097 
52.217 
82.630 
252.455 
54.330 
84.343 
248.098 
56.960 
83.420 
250.566 
55.900 
82.885 
251.777 
54.790 
84.196 
251.726 
58.182 
83.586 
249.846 
56.394 
83.705 
251.298 
54.667 
83.606 
252.091 
52.471 
85.406 
250.977 
52.548 
84.307 
250.894 
51.992 
86.550 
250.210 
53.295 
82.579 
249.465 
53.740 
84.523 
251.212 
52.105 
84.161 
251.517 
54.959 
84.892 
250.436 
53.917 
84.959 
252.403 
52.954 
87.108 
251.392 
52.551 
83.750 
268.353 
54.833 
83.678 
252.737 
54.395 
84.113 
252.963 
52.878 
82.507 
254.125 
58.912 
85.492 
248.905 
54.739 
83.286 
253.670 
56.141 
83.798 
250.679 
55.526 
83.751 
269.761 
54.305 
83.141 
256.913 
52.699 
82.339 
249.819 
53.812 
82.130 
253.066 
57.908 
85.495 
254.726 
55.437 
87.751 
251.334 
56.518 
83.409 
254.288 
52.269 
85.342 
259.342 
54.477 
82.376 
268.209 
55.352 
88.306 
258.410 
55.790 
83.923 
255.870 
54.398 
87.196 
248.314 
54.283 
82.714 
253.116 
53.919 
84.439 
254.608 
53.470 
84.846 
252.188 
55.202 
83.211 
250.836 
53.199 
82.577 
250.904 
55.393 
89.047 
252.140 
53.441 
86.231 
250.665 
52.699 
82.518 
249.012 
53.661 
88.419 
252.345 
54.825 
84.383 
252.179 
53.247 
87.126 
250.780 
57.536 
83.066 
249.677 
55.230 
85.338 
251.242 
52.956 
84.813 
250.791 
55.158 
84.930 
249.840 
56.440 
85.916 
252.332 
56.882 
82.082 
252.531 
56.476 
84.922 
252.372 
54.703 
88.312 
248.929 
54.663 
82.669 
248.623 
56.439 
83.546 
252.106 
55.379 
80.538 
252.027 
56.685 
86.287 
250.092 
53.389 
84.239 
252.782 
54.518 
88.867 
252.446 
55.897 
83.060 
252.179 
55.078 
81.623 
249.301 
56.301 
84.456 
251.578 
56.495 
88.845 
254.976 
55.945 
83.530 
251.150 
54.351 
84.748 
250.355 
53.353 
84.756 
253.661 
56.268 
84.322 
249.676 
54.063 
85.054 
249.832 
54.295 
84.466 
251.649 
58.611 
89.099 
251.251 
52.527 
84.525 
262.648 
53.944 
84.193 
252.038 
54.831 
84.741 
253.064 
53.844 
84.793 
251.314 
53.686 
83.788 
253.198 
52.086 
83.849 
252.168 
55.028 
85.294 
281.848 
55.502 
83.905 
255.937 
53.582 
82.627 
268.456 
53.727 
84.071 
259.813 
57.031 
84.369 
251.152 
52.244 
84.792 
251.776 
54.659 
85.954 
251.655 
54.209 
79.546 
251.924 
53.641 
83.716 
278.443 
54.006 
81.790 
266.385 
53.242 
84.025 
266.815 
54.424 
82.267 
257.767 
57.967 
83.907 
252.659 
52.099 
83.157 
259.443 
56.334 
82.942 
260.674 
53.442 
83.251 
252.461 
52.476 
80.955 
251.624 
53.645 
84.788 
258.030 
55.379 
83.981 
257.573 
54.930 
84.862 
251.161 
53.816 
83.433 
251.590 
58.399 
84.656 
259.126 
54.322 
82.785 
249.882 
57.153 
87.453 
266.586 
54.804 
87.207 
249.917 
54.247 
84.582 
274.484 
53.796 
86.310 
291.927 
53.363 
84.050 
285.781 
51.434 
83.749 
250.317 
54.626 
84.251 
251.234 
55.915 
85.729 
251.428 
56.219 
84.103 
254.819 
53.684 
83.110 
250.399 
53.500 
82.971 
249.396 
56.562 
85.542 
251.246 
55.238 
83.710 
251.640 
53.630 
84.846 
249.850 
56.312 
84.612 
249.395 
56.315 
84.680 
250.143 
55.195 
85.619 
249.892 
54.184 
86.726 
250.841 
53.337 
83.950 
251.587 
53.485 
84.415 
250.592 
53.053 
85.708 
249.956 
56.065 
85.207 
251.893 
53.053 
85.186 
251.358 
54.703 
84.082 
252.231 
53.803 
83.561 
300.783 
53.396 
85.272 
248.540 
58.096 
84.491 
255.299 
53.507 
82.497 
249.796 
53.634 
86.461 
253.352 
56.409 
84.323 
261.249 
53.395 
81.472 
251.362 
55.559 
85.064 
248.535 
56.495 
85.996 
251.041 
55.611 
84.410 
251.491 
56.501 
82.263 
250.289 
52.674 
81.781 
255.157 
54.757 
82.617 
257.669 
57.247 
83.747 
252.718 
55.873 
83.035 
253.263 
52.776 
84.868 
252.317 
52.753 
85.169 
251.756 
54.250 
82.598 
250.962 
54.340 
85.403 
253.513 
60.229 
84.293 
253.310 
54.013 
85.637 
253.362 
54.651 
85.563 
250.637 
60.115 
84.516 
262.426 
54.662 
84.155 
249.599 
55.442 
82.267 
251.007 
54.829 
82.538 
271.553 
54.857 
86.824 
252.789 
54.838 
84.507 
250.404 
55.604 
86.218 
251.947 
57.166 
83.894 
247.978 
56.224 
87.481 
252.807 
55.696 
85.122 
254.754 
57.047 
86.795 
349.424 
64.825 
86.418 
292.175 
51.183 
86.230 
251.387 
57.963 
86.301 
248.730 
54.540 
84.954 
252.949 
56.578 
89.103 
250.257 
57.337 
91.568 
257.638 
53.979 
88.972 
254.673 
55.709 
83.254 
251.342 
58.143 
84.607 
252.961 
54.276 
84.252 
255.225 
56.983 
87.675 
293.138 
56.279 
86.475 
292.561 
56.656 
86.064 
290.975 
57.685 
85.295 
290.394 
56.594 
86.240 
291.179 
58.542 
84.243 
293.439 
57.770 
85.242 
292.209 
56.772 
83.074 
294.076 
55.253 
86.713 
293.829 
55.088 
87.894 
290.832 
53.577 
86.543 
290.560 
53.232 
85.203 
253.759 
56.315 
83.220 
250.995 
59.804 
86.424 
250.084 
58.274 
84.683 
249.282 
56.363 
84.039 
252.673 
56.366 
84.668 
252.387 
53.482 
83.309 
250.819 
58.425 
83.217 
248.641 
53.165 
86.377 
251.480 
56.748 
86.104 
250.997 
58.561 
91.463 
257.717 
57.627 
90.843 
260.654 
56.914 
84.301 
253.896 
55.051 
83.171 
249.531 
56.868 
86.730 
253.957 
56.354 
86.859 
257.927 
56.665 
86.972 
291.660 
57.178 
84.916 
291.688 
56.580 
84.687 
314.262 
57.056 
83.520 
333.934 
55.311 
83.938 
291.494 
55.439 
81.570 
293.864 
58.445 
83.877 
291.959 
55.672 
85.526 
292.362 
54.284 
90.114 
290.854 
56.740 
85.280 
290.307 
54.918 
83.576 
291.670 
58.612 
82.750 
283.717 
