317.878 
315.036 
265.077 
325.076 
324.803 
273.498 
312.333 
309.656 
263.395 
312.844 
324.296 
275.551 
318.004 
373.090 
313.560 
311.067 
319.093 
273.656 
315.274 
327.229 
273.460 
318.734 
324.322 
271.693 
317.061 
316.127 
248.946 
317.230 
320.180 
273.611 
290.296 
314.290 
270.151 
327.974 
296.589 
215.386 
312.701 
315.669 
271.677 
319.612 
314.549 
269.798 
320.011 
320.115 
264.957 
317.945 
311.930 
268.697 
315.233 
316.636 
246.569 
322.535 
311.478 
260.918 
318.489 
313.780 
267.940 
318.817 
309.857 
264.528 
318.008 
312.145 
269.486 
313.482 
320.838 
253.904 
322.705 
312.864 
276.509 
295.559 
317.495 
267.651 
313.011 
304.991 
275.958 
311.587 
375.453 
272.284 
325.043 
321.406 
267.098 
297.317 
302.618 
226.322 
300.059 
338.295 
243.067 
310.068 
288.589 
211.329 
296.479 
293.726 
241.044 
292.042 
299.789 
243.859 
283.142 
268.798 
216.500 
269.036 
259.243 
215.775 
293.021 
303.948 
221.022 
251.695 
253.284 
200.088 
251.464 
251.019 
199.990 
251.624 
251.994 
199.678 
251.340 
252.408 
244.127 
250.799 
250.880 
199.714 
251.225 
251.261 
199.771 
250.601 
252.894 
199.608 
250.952 
252.210 
199.662 
250.894 
287.097 
220.759 
254.875 
251.304 
199.635 
250.648 
253.801 
209.830 
250.606 
250.599 
199.555 
250.598 
251.115 
199.985 
250.783 
248.742 
200.479 
251.765 
252.189 
200.546 
252.055 
252.038 
202.043 
250.760 
252.155 
221.026 
258.326 
263.382 
208.607 
253.161 
253.164 
199.687 
258.250 
252.744 
202.919 
605.649 
298.722 
245.464 
318.033 
311.066 
242.448 
290.106 
292.812 
239.410 
290.182 
290.880 
239.200 
290.350 
289.385 
239.180 
291.263 
291.436 
239.087 
290.604 
289.810 
240.950 
290.754 
288.400 
239.566 
293.110 
291.606 
272.342 
295.576 
292.411 
241.560 
292.072 
296.158 
243.126 
302.867 
293.299 
240.115 
290.922 
296.719 
242.939 
292.710 
292.368 
245.788 
294.266 
251.305 
203.939 
294.602 
292.921 
223.831 
253.146 
264.411 
216.551 
255.330 
256.138 
202.336 
311.926 
253.354 
201.960 
251.494 
282.852 
202.054 
269.317 
288.951 
218.310 
251.061 
248.483 
200.239 
250.730 
254.165 
199.794 
250.744 
249.806 
200.504 
250.656 
249.233 
199.686 
279.941 
260.122 
214.852 
251.331 
250.822 
200.061 
251.414 
251.097 
200.246 
251.195 
253.846 
200.768 
255.539 
250.039 
199.940 
286.735 
248.318 
204.953 
252.187 
258.929 
206.518 
250.878 
250.983 
210.066 
254.105 
254.399 
200.195 
260.136 
273.534 
205.369 
250.987 
275.528 
199.851 
251.161 
252.928 
199.721 
251.617 
249.514 
199.891 
255.018 
256.116 
199.728 
250.753 
250.446 
199.800 
251.152 
249.297 
210.032 
251.265 
252.501 
200.233 
251.090 
255.360 
207.490 
250.683 
250.711 
199.901 
251.211 
252.311 
199.752 
250.790 
249.686 
201.800 
250.659 
311.853 
199.681 
251.021 
250.152 
199.714 
250.637 
249.933 
199.696 
290.087 
289.978 
238.991 
291.108 
291.175 
239.106 
290.037 
288.171 
238.985 
251.367 
271.048 
199.802 
251.082 
250.382 
199.656 
250.803 
248.350 
199.719 
250.641 
249.597 
200.837 
250.744 
249.369 
199.673 
250.612 
250.207 
199.671 
250.813 
249.232 
199.633 
250.643 
252.126 
199.620 
250.696 
251.787 
254.677 
250.632 
257.206 
199.583 
250.727 
266.370 
256.813 
260.779 
251.161 
199.626 
268.343 
250.455 
199.810 
250.757 
251.440 
200.030 
250.773 
251.515 
199.860 
251.097 
258.498 
200.199 
250.905 
250.939 
199.773 
255.247 
250.957 
200.132 
250.858 
255.545 
199.717 
250.866 
248.723 
199.674 
254.527 
250.730 
200.407 
250.781 
250.270 
199.664 
311.569 
256.068 
205.367 
252.405 
260.432 
228.043 
250.646 
250.470 
199.736 
250.804 
250.227 
200.920 
251.429 
248.766 
232.734 
251.669 
255.605 
201.267 
256.034 
255.394 
202.353 
252.239 
252.830 
200.020 
264.964 
274.156 
225.624 
261.422 
260.232 
217.072 
251.838 
250.450 
207.836 
251.812 
252.486 
204.191 
251.142 
250.482 
200.043 
251.272 
252.737 
200.451 
254.317 
251.135 
200.501 
251.308 
252.529 
199.800 
250.921 
250.795 
199.776 
250.772 
249.630 
200.998 
252.937 
251.137 
201.416 
251.917 
252.609 
202.229 
257.942 
249.129 
199.632 
257.825 
252.708 
200.417 
250.937 
260.107 
200.237 
250.836 
251.968 
200.025 
252.633 
253.639 
199.674 
251.049 
248.961 
200.039 
257.967 
252.699 
200.346 
250.817 
251.244 
199.856 
251.053 
252.074 
199.864 
253.911 
262.872 
200.551 
251.081 
252.596 
200.052 
251.689 
251.545 
200.174 
250.629 
250.207 
199.699 
253.660 
248.775 
199.712 
270.567 
250.409 
199.764 
250.841 
250.476 
199.741 
251.189 
252.311 
202.059 
255.172 
261.455 
206.306 
250.653 
252.194 
200.289 
250.763 
249.562 
199.691 
250.915 
248.379 
199.633 
250.687 
250.273 
200.218 
250.756 
251.924 
199.707 
250.803 
252.407 
199.694 
251.094 
251.185 
199.666 
250.657 
250.256 
199.975 
250.671 
250.322 
199.660 
251.171 
251.531 
199.667 
250.644 
247.063 
199.658 
250.665 
248.880 
199.654 
250.624 
248.167 
199.607 
250.656 
246.669 
199.661 
250.575 
248.434 
199.605 
250.601 
249.125 
199.638 
250.586 
250.717 
199.593 
250.613 
249.512 
199.574 
250.607 
250.315 
199.902 
250.664 
250.604 
199.621 
250.615 
249.164 
199.688 
250.655 
247.625 
199.599 
250.614 
249.141 
199.625 
250.613 
251.073 
199.648 
250.628 
250.636 
199.662 
250.655 
249.694 
199.609 
250.625 
250.114 
199.638 
250.621 
249.950 
199.615 
250.620 
249.523 
199.622 
251.281 
250.150 
199.857 
250.631 
259.724 
219.670 
250.693 
250.709 
199.719 
251.214 
250.473 
199.687 
250.663 
250.227 
200.127 
250.672 
250.671 
199.687 
250.680 
250.263 
199.775 
250.635 
251.404 
199.980 
250.612 
251.188 
199.632 
251.105 
249.304 
199.653 
250.691 
251.880 
199.593 
251.264 
257.306 
212.731 
292.825 
249.922 
199.683 
250.917 
249.095 
199.652 
250.615 
248.068 
199.737 
250.619 
248.563 
200.471 
250.630 
249.629 
199.620 
250.615 
249.940 
199.612 
250.604 
250.328 
212.059 
250.638 
249.511 
199.624 
250.613 
250.889 
199.622 
250.933 
252.702 
199.634 
250.636 
250.160 
199.782 
250.582 
251.745 
199.611 
250.729 
248.901 
199.664 
250.623 
252.074 
199.715 
250.649 
250.803 
202.576 
250.633 
249.983 
199.631 
261.901 
247.805 
199.612 
250.850 
251.088 
199.686 
250.703 
250.176 
199.655 
250.663 
250.623 
199.580 
250.591 
251.118 
199.598 
250.588 
248.184 
199.578 
252.340 
249.379 
199.565 
250.623 
248.899 
199.623 
250.595 
249.448 
199.557 
256.213 
249.514 
199.599 
250.581 
249.561 
199.598 
250.614 
248.387 
199.667 
250.627 
253.843 
199.657 
251.394 
250.761 
200.260 
250.582 
251.172 
199.627 
250.604 
249.809 
199.648 
250.587 
250.541 
199.562 
250.604 
251.545 
199.627 
250.583 
251.530 
199.616 
250.594 
250.491 
199.569 
250.720 
249.822 
199.588 
250.586 
250.658 
199.562 
250.658 
251.377 
199.570 
250.593 
251.237 
199.608 
250.605 
249.460 
199.573 
250.827 
251.233 
199.636 
250.599 
249.182 
199.582 
250.682 
251.370 
199.645 
250.691 
249.964 
199.735 
250.636 
248.148 
199.617 
251.082 
250.847 
199.795 
250.991 
253.340 
201.534 
250.591 
250.378 
209.677 
251.473 
253.004 
199.589 
250.986 
251.129 
199.706 
250.856 
252.566 
199.692 
250.944 
249.264 
199.778 
250.586 
249.399 
199.639 
250.623 
250.999 
200.006 
250.700 
249.269 
199.747 
250.747 
251.676 
200.314 
264.894 
277.040 
213.852 
252.557 
259.434 
202.280 
256.512 
250.452 
201.562 
250.699 
249.756 
200.376 
250.932 
250.711 
199.955 
253.163 
252.169 
199.824 
250.984 
260.806 
199.672 
251.402 
250.214 
201.909 
267.176 
258.078 
211.136 
255.857 
262.567 
201.276 
254.147 
252.662 
203.366 
250.893 
252.459 
200.615 
270.152 
259.882 
210.822 
252.130 
252.344 
200.419 
260.705 
254.189 
203.560 
257.598 
267.839 
221.193 
268.767 
256.371 
206.430 
252.165 
258.222 
208.274 
251.799 
253.382 
203.948 
251.156 
250.219 
199.724 
251.283 
266.886 
201.061 
251.628 
255.850 
208.770 
250.830 
251.947 
199.949 
250.691 
250.981 
199.767 
255.275 
252.770 
199.817 
251.496 
248.141 
200.205 
251.176 
251.148 
222.762 
250.896 
249.400 
199.593 
250.693 
271.143 
199.589 
250.947 
250.725 
199.757 
250.971 
249.357 
199.821 
251.739 
248.666 
204.274 
252.325 
251.723 
199.790 
250.811 
249.808 
199.891 
252.220 
250.957 
199.650 
251.382 
251.647 
199.784 
262.070 
247.905 
199.598 
250.739 
246.541 
199.670 
250.672 
251.257 
199.612 
250.710 
248.202 
199.587 
250.786 
252.910 
199.617 
250.752 
251.708 
199.629 
250.904 
249.847 
199.599 
252.036 
249.634 
202.799 
250.833 
250.033 
199.711 
250.894 
250.221 
199.540 
250.615 
250.776 
199.547 
250.952 
250.101 
199.608 
253.923 
251.462 
200.099 
250.592 
249.404 
200.011 
250.674 
249.777 
200.930 
250.830 
249.462 
199.622 
250.782 
253.338 
199.609 
255.103 
251.785 
201.608 
251.525 
252.265 
200.565 
251.423 
251.624 
199.977 
251.079 
251.093 
200.092 
251.031 
256.965 
200.008 
250.683 
250.262 
202.079 
250.792 
250.175 
199.791 
264.054 
248.595 
201.172 
250.687 
248.819 
199.684 
251.307 
251.796 
200.228 
254.611 
253.343 
238.942 
267.139 
252.763 
200.221 
267.382 
265.221 
199.872 
274.503 
249.671 
199.892 
251.638 
252.926 
202.094 
251.236 
255.862 
199.890 
252.974 
250.289 
203.223 
251.313 
263.957 
202.291 
266.303 
250.534 
201.178 
302.129 
255.327 
214.089 
271.438 
265.746 
211.903 
259.279 
260.896 
213.847 
253.695 
261.533 
213.559 
263.476 
257.538 
209.210 
265.429 
262.456 
207.880 
250.781 
258.617 
201.659 
254.639 
258.927 
208.892 
251.172 
249.336 
202.871 
259.057 
251.021 
204.912 
253.724 
253.217 
204.461 
255.186 
266.840 
204.252 
253.180 
250.389 
200.397 
250.915 
250.404 
199.767 
251.093 
252.447 
201.238 
253.824 
247.216 
200.419 
252.273 
257.718 
248.976 
250.695 
251.554 
199.719 
251.599 
249.361 
199.674 
251.213 
252.027 
200.272 
290.056 
290.401 
239.423 
290.265 
290.628 
239.025 
277.258 
249.329 
200.548 
250.665 
248.971 
199.553 
250.745 
251.301 
199.551 
250.690 
250.291 
199.757 
251.152 
248.842 
199.620 
251.031 
250.025 
199.624 
250.825 
248.556 
199.578 
251.121 
254.345 
199.645 
250.750 
256.949 
200.602 
250.681 
256.440 
199.608 
250.775 
249.522 
199.548 
250.669 
250.240 
199.598 
250.643 
249.854 
199.704 
250.727 
247.365 
199.570 
250.682 
250.772 
211.787 
250.696 
248.976 
199.594 
250.734 
249.578 
199.528 
250.806 
250.788 
199.561 
250.713 
251.911 
199.632 
250.928 
249.268 
199.583 
250.670 
250.034 
199.631 
250.637 
249.404 
199.604 
250.598 
250.553 
199.570 
251.513 
250.502 
199.735 
250.719 
251.117 
199.621 
250.998 
249.328 
199.921 
250.703 
252.486 
199.666 
250.629 
250.592 
199.611 
250.624 
250.161 
199.621 
250.657 
249.301 
199.683 
251.391 
252.827 
202.236 
250.705 
253.639 
199.669 
250.684 
252.543 
199.644 
250.963 
251.151 
225.825 
251.975 
248.468 
200.284 
250.888 
250.133 
217.119 
250.673 
250.765 
200.057 
250.705 
252.401 
199.687 
250.635 
249.547 
199.690 
251.754 
251.566 
199.659 
252.714 
250.172 
199.690 
253.093 
254.534 
200.050 
252.841 
259.827 
200.851 
256.340 
252.808 
206.384 
253.899 
251.076 
210.579 
253.381 
269.689 
201.245 
252.725 
251.413 
199.933 
251.081 
249.519 
199.721 
259.217 
252.795 
201.460 
250.979 
249.297 
200.900 
256.044 
248.955 
199.874 
257.075 
249.448 
200.276 
251.182 
249.075 
199.702 
250.587 
250.792 
199.993 
250.659 
249.285 
199.673 
251.089 
296.395 
203.685 
250.793 
249.681 
199.822 
251.235 
249.990 
200.612 
250.723 
249.660 
199.990 
250.745 
252.234 
199.707 
250.659 
252.442 
199.651 
250.766 
254.855 
199.669 
250.766 
255.150 
199.766 
250.745 
249.561 
199.704 
250.738 
251.688 
199.947 
250.757 
252.886 
199.576 
290.074 
288.714 
238.992 
290.229 
290.134 
238.933 
289.948 
295.165 
238.897 
289.989 
288.000 
238.934 
290.316 
290.399 
238.903 
290.027 
289.900 
238.930 
290.038 
288.897 
238.901 
290.026 
288.309 
238.998 
290.166 
291.415 
238.925 
290.010 
288.935 
238.982 
290.044 
289.120 
238.904 
