55.312 
83.529 
305.063 
54.216 
83.557 
290.249 
53.758 
83.534 
291.081 
52.120 
83.547 
291.221 
54.250 
83.521 
290.233 
54.734 
83.507 
293.333 
56.796 
83.542 
295.871 
54.979 
83.565 
296.460 
55.067 
83.519 
290.901 
55.228 
83.548 
293.342 
53.883 
83.516 
293.789 
53.539 
83.529 
261.917 
54.357 
83.516 
257.427 
53.776 
83.504 
253.063 
53.831 
83.569 
261.149 
52.498 
83.524 
251.760 
52.380 
83.553 
270.480 
52.255 
83.527 
251.073 
53.034 
83.544 
251.107 
51.853 
83.538 
250.691 
54.620 
83.546 
250.630 
53.851 
83.548 
256.780 
54.098 
83.531 
268.591 
54.752 
83.566 
250.926 
53.771 
83.611 
265.753 
53.767 
83.596 
251.796 
54.865 
83.619 
251.050 
54.028 
83.613 
254.549 
53.816 
83.689 
252.271 
52.509 
83.647 
251.183 
56.924 
83.612 
253.930 
55.280 
83.695 
250.728 
55.073 
83.588 
250.807 
53.320 
83.572 
250.940 
54.908 
83.653 
277.891 
51.666 
83.570 
251.202 
53.175 
84.233 
251.316 
53.692 
83.619 
251.347 
51.099 
84.112 
268.341 
52.728 
83.796 
251.028 
51.285 
83.572 
254.197 
51.902 
83.636 
250.707 
56.000 
83.576 
262.962 
56.145 
83.593 
250.788 
53.583 
83.527 
289.999 
51.860 
83.598 
290.312 
54.112 
83.572 
290.069 
53.674 
84.096 
251.725 
56.366 
83.746 
250.612 
54.113 
83.556 
251.087 
52.748 
83.712 
253.163 
63.134 
83.556 
250.943 
53.452 
83.590 
250.960 
54.423 
83.551 
250.885 
55.998 
83.525 
250.643 
54.430 
83.712 
293.647 
54.462 
83.541 
260.651 
51.421 
83.570 
250.593 
54.340 
83.561 
250.611 
53.294 
83.537 
250.611 
56.103 
83.520 
251.103 
53.810 
83.556 
250.698 
54.323 
83.546 
253.618 
53.239 
83.550 
272.188 
54.027 
83.527 
250.782 
53.750 
83.544 
250.898 
56.038 
83.556 
250.619 
53.108 
83.510 
250.731 
55.445 
83.520 
250.742 
54.145 
83.614 
258.805 
55.012 
83.513 
250.721 
52.202 
83.543 
250.707 
54.069 
83.522 
250.777 
53.527 
83.515 
251.319 
57.530 
83.502 
251.525 
53.237 
83.534 
252.631 
53.484 
83.592 
252.514 
54.419 
83.617 
255.671 
54.974 
83.559 
261.251 
52.715 
83.556 
254.976 
54.309 
83.548 
253.372 
52.570 
83.519 
251.055 
54.954 
83.507 
253.039 
53.426 
83.535 
250.788 
53.323 
83.566 
251.050 
52.445 
83.647 
250.738 
53.532 
83.530 
250.736 
53.217 
83.615 
253.862 
52.979 
83.568 
251.281 
53.757 
83.559 
253.519 
53.597 
83.559 
256.583 
51.246 
83.556 
251.946 
52.935 
83.524 
250.970 
54.733 
83.529 
250.990 
54.108 
83.697 
252.781 
54.911 
83.531 
251.813 
55.778 
83.561 
251.832 
55.536 
83.515 
251.305 
51.626 
83.520 
251.331 
52.397 
83.545 
253.954 
53.412 
83.561 
260.653 
52.995 
83.586 
253.249 
64.793 
83.563 
250.760 
54.075 
83.557 
250.774 
56.206 
83.628 
252.220 
53.363 
83.522 
253.931 
52.553 
83.531 
250.784 
53.750 
83.545 
252.779 
53.010 
83.519 
284.982 
53.583 
83.520 
250.686 
52.755 
83.548 
251.575 
54.571 
83.538 
250.719 
55.138 
83.526 
250.608 
53.550 
83.502 
250.704 
51.599 
83.541 
267.637 
52.388 
83.539 
250.600 
53.165 
83.579 
250.593 
55.040 
83.532 
250.641 
51.364 
83.541 
250.731 
54.816 
83.534 
250.570 
53.217 
83.526 
250.639 
53.151 
83.592 
250.589 
52.207 
83.545 
250.601 
54.719 
83.556 
250.631 
55.093 
83.549 
250.636 
51.006 
83.536 
250.842 
53.328 
83.555 
250.630 
50.974 
83.560 
250.627 
54.356 
83.510 
250.601 
53.471 
83.544 
250.607 
54.337 
83.535 
250.620 
54.121 
83.473 
267.221 
54.716 
83.515 
250.584 
52.126 
83.492 
250.615 
55.271 
83.503 
250.690 
52.771 
83.599 
250.630 
55.090 
83.524 
250.601 
54.627 
83.515 
250.655 
54.050 
83.538 
250.668 
54.843 
83.561 
250.936 
53.664 
83.557 
260.524 
53.628 
83.533 
250.670 
55.770 
83.504 
250.838 
54.413 
83.558 
250.747 
54.384 
83.621 
250.929 
53.990 
83.511 
250.610 
51.961 
83.499 
250.777 
53.429 
83.539 
274.358 
53.372 
83.536 
250.658 
52.095 
83.527 
250.693 
52.857 
83.524 
250.621 
60.849 
83.557 
250.645 
54.861 
83.503 
250.806 
51.918 
83.518 
250.604 
65.167 
83.540 
250.644 
52.808 
83.536 
250.636 
52.291 
83.516 
250.628 
51.611 
83.527 
250.612 
55.367 
83.526 
250.672 
52.431 
83.508 
250.632 
53.806 
83.533 
250.614 
52.868 
83.559 
250.648 
52.094 
83.522 
270.668 
58.842 
83.520 
250.603 
54.776 
83.528 
250.662 
54.673 
83.541 
250.702 
53.620 
83.511 
250.710 
51.671 
83.574 
250.720 
52.890 
83.614 
250.605 
54.184 
83.540 
250.602 
56.435 
83.495 
250.632 
54.491 
83.578 
250.575 
50.810 
83.548 
250.572 
55.362 
83.526 
250.667 
53.257 
83.569 
250.621 
55.002 
83.535 
250.577 
58.390 
83.518 
250.584 
53.693 
83.557 
250.579 
54.150 
83.607 
250.600 
54.062 
83.529 
250.602 
52.615 
83.524 
250.591 
60.553 
83.533 
250.573 
54.690 
83.498 
250.610 
53.802 
83.493 
250.678 
52.517 
83.530 
250.574 
53.334 
83.499 
250.603 
53.727 
83.517 
252.529 
53.771 
83.494 
250.705 
58.094 
83.514 
250.575 
109.184 
83.531 
250.683 
52.609 
83.519 
251.915 
52.660 
83.504 
250.594 
51.835 
83.507 
250.635 
53.045 
83.491 
252.979 
54.691 
83.511 
251.022 
52.450 
83.482 
250.774 
54.952 
83.544 
250.607 
53.430 
83.561 
250.630 
53.828 
83.523 
250.846 
65.740 
83.547 
250.794 
57.782 
83.525 
250.617 
53.095 
83.529 
257.321 
54.850 
83.557 
250.668 
55.074 
83.528 
251.793 
50.978 
83.530 
254.123 
52.452 
83.554 
258.032 
53.176 
83.538 
252.969 
54.346 
83.573 
250.666 
52.633 
83.526 
250.630 
53.986 
83.495 
250.914 
52.368 
83.503 
251.176 
54.476 
83.531 
251.091 
59.299 
83.531 
256.285 
53.771 
83.518 
251.855 
53.702 
83.524 
252.419 
52.897 
83.514 
251.672 
51.730 
83.490 
256.227 
54.853 
83.519 
253.696 
53.166 
83.515 
260.231 
52.958 
83.515 
257.707 
54.454 
83.515 
255.214 
53.310 
83.577 
261.909 
65.430 
83.531 
252.849 
55.125 
83.520 
251.153 
51.116 
83.514 
251.263 
53.598 
83.585 
252.101 
54.325 
83.594 
250.995 
51.931 
84.961 
250.781 
52.580 
83.817 
265.728 
54.289 
83.554 
251.007 
54.321 
83.947 
250.795 
52.441 
84.183 
251.014 
53.920 
83.589 
250.965 
53.385 
83.768 
251.340 
53.568 
84.294 
251.470 
55.891 
84.313 
250.877 
54.252 
84.429 
251.043 
53.426 
83.557 
251.001 
53.156 
83.836 
250.956 
53.476 
84.248 
251.541 
53.481 
83.683 
250.704 
52.120 
83.637 
250.760 
54.113 
83.513 
250.963 
50.751 
83.830 
250.655 
55.704 
83.647 
250.708 
55.023 
83.566 
250.697 
55.526 
83.711 
250.725 
53.481 
83.533 
250.669 
61.758 
83.660 
250.800 
52.283 
83.539 
250.627 
51.949 
83.561 
250.644 
50.773 
83.505 
250.590 
54.687 
83.546 
250.578 
52.984 
83.530 
250.650 
54.512 
83.591 
250.672 
53.791 
83.524 
250.801 
51.666 
83.560 
250.696 
53.313 
83.517 
251.199 
54.017 
83.527 
256.232 
55.543 
83.559 
250.929 
52.763 
83.550 
253.882 
53.792 
83.513 
251.535 
55.020 
83.564 
250.703 
54.468 
83.511 
250.683 
55.940 
83.536 
250.660 
56.709 
83.518 
250.648 
52.292 
83.523 
251.273 
53.093 
83.493 
287.586 
53.928 
83.573 
254.818 
54.021 
83.512 
250.901 
54.949 
83.509 
250.957 
52.955 
83.526 
254.433 
54.592 
83.598 
251.847 
54.192 
83.550 
254.299 
60.777 
83.515 
254.673 
54.149 
83.645 
251.051 
54.161 
83.521 
305.991 
53.223 
83.616 
256.316 
51.512 
83.548 
264.265 
52.720 
83.511 
258.722 
51.769 
83.561 
253.128 
52.725 
83.531 
251.007 
54.859 
83.518 
253.539 
50.729 
83.534 
251.040 
51.823 
83.766 
257.097 
53.759 
83.561 
251.114 
53.445 
83.545 
254.463 
52.786 
83.519 
256.852 
54.750 
83.598 
250.639 
54.884 
83.506 
250.631 
56.073 
83.505 
253.382 
52.853 
83.690 
252.935 
53.885 
83.539 
255.429 
54.510 
83.574 
250.989 
53.867 
83.595 
295.329 
54.555 
83.566 
258.015 
53.606 
83.851 
290.287 
57.821 
83.558 
250.697 
54.850 
83.557 
250.630 
53.986 
83.576 
250.844 
52.652 
83.599 
269.365 
51.718 
83.537 
253.383 
55.050 
83.923 
251.025 
53.640 
83.556 
250.844 
52.753 
83.812 
251.000 
55.172 
83.633 
251.285 
53.501 
83.645 
251.295 
54.169 
83.630 
250.836 
54.213 
83.623 
250.764 
54.033 
83.604 
250.731 
55.436 
83.894 
250.665 
54.294 
83.554 
254.934 
53.869 
83.787 
250.918 
53.301 
83.549 
250.722 
53.841 
83.563 
250.669 
60.415 
83.546 
250.622 
54.665 
83.594 
250.661 
53.469 
83.566 
250.714 
51.919 
83.569 
250.789 
51.886 
83.549 
250.708 
51.811 
83.577 
250.656 
54.452 
83.566 
251.297 
53.047 
83.541 
250.664 
52.459 
83.514 
250.822 
54.395 
83.541 
250.732 
54.756 
83.555 
250.665 
56.423 
83.536 
250.722 
52.989 
83.592 
250.999 
53.853 
83.511 
250.623 
53.242 
83.559 
250.695 
53.154 
83.530 
250.685 
51.618 
83.498 
253.313 
54.344 
83.556 
251.024 
52.330 
83.481 
250.683 
52.778 
83.535 
251.480 
54.101 
83.491 
250.610 
52.920 
83.508 
250.780 
52.481 
83.523 
250.685 
53.052 
83.507 
251.220 
54.582 
83.522 
251.314 
53.259 
83.521 
252.220 
54.238 
83.500 
251.340 
52.652 
83.526 
257.291 
53.408 
83.521 
252.575 
53.333 
83.483 
250.716 
65.999 
83.538 
250.724 
54.164 
83.535 
251.157 
54.226 
83.595 
252.175 
54.199 
83.507 
250.976 
56.095 
83.573 
250.778 
52.258 
83.536 
250.605 
52.585 
83.518 
251.662 
54.362 
83.535 
250.664 
54.145 
83.580 
250.787 
56.824 
83.576 
250.731 
56.217 
83.583 
250.728 
52.881 
83.586 
250.890 
59.127 
83.624 
250.819 
57.998 
83.523 
250.697 
54.266 
83.614 
251.494 
53.774 
83.565 
250.700 
54.207 
83.579 
263.236 
57.346 
83.554 
250.829 
67.710 
83.568 
290.079 
54.493 
83.545 
289.967 
54.464 
83.698 
290.713 
52.664 
83.573 
289.957 
56.797 
83.737 
289.984 
55.339 
83.607 
292.038 
54.155 
83.539 
289.986 
52.906 
84.392 
290.669 
54.094 
83.587 
289.958 
54.170 
83.527 
289.957 
53.936 
83.554 
289.936 
