216.300 
192.467 
300.379 
216.457 
192.645 
300.395 
216.308 
192.425 
300.675 
216.316 
192.501 
300.389 
216.320 
192.807 
300.276 
216.346 
192.478 
300.741 
216.348 
192.459 
300.373 
216.331 
192.477 
300.420 
216.344 
192.456 
300.355 
216.466 
192.418 
300.552 
216.317 
192.403 
300.331 
216.297 
192.484 
300.288 
216.408 
192.418 
300.458 
216.331 
192.465 
300.464 
216.325 
192.375 
300.370 
216.350 
192.370 
300.389 
216.318 
192.440 
300.427 
216.306 
192.440 
300.418 
216.310 
192.362 
300.621 
216.364 
192.456 
300.419 
216.303 
192.533 
300.399 
216.286 
192.401 
300.348 
216.300 
192.465 
300.432 
216.325 
192.409 
300.422 
216.308 
192.390 
300.439 
216.298 
192.332 
300.347 
216.387 
192.532 
300.375 
216.295 
192.373 
300.462 
216.313 
192.377 
300.417 
216.331 
192.340 
300.347 
216.347 
192.363 
300.409 
216.427 
192.331 
300.445 
222.333 
192.414 
300.344 
216.406 
192.545 
300.378 
216.307 
192.404 
300.363 
216.280 
192.427 
300.390 
216.314 
192.334 
300.397 
216.313 
192.450 
300.318 
216.323 
192.432 
300.334 
216.285 
192.406 
300.355 
216.311 
192.342 
300.391 
216.257 
192.485 
300.717 
216.297 
192.449 
300.490 
216.265 
192.357 
300.287 
216.379 
192.385 
300.353 
216.283 
192.445 
300.428 
216.285 
192.313 
300.289 
226.056 
192.380 
300.348 
216.270 
192.495 
300.317 
216.283 
192.372 
300.310 
216.272 
192.366 
300.325 
216.266 
192.395 
300.299 
216.288 
192.355 
300.359 
216.263 
192.487 
300.428 
216.269 
192.589 
300.301 
216.295 
192.289 
300.311 
216.283 
192.377 
300.314 
216.383 
192.364 
300.310 
216.597 
192.774 
300.366 
216.304 
192.398 
300.472 
216.266 
192.375 
300.371 
216.274 
192.256 
300.355 
216.275 
192.305 
300.605 
216.285 
192.286 
300.287 
216.269 
192.279 
300.372 
216.273 
192.292 
300.334 
216.275 
192.296 
300.383 
216.305 
192.308 
300.337 
216.288 
192.350 
301.668 
216.290 
192.462 
301.693 
216.286 
192.339 
301.614 
216.307 
192.425 
301.677 
216.318 
192.399 
301.577 
216.276 
192.483 
301.641 
216.296 
192.374 
301.630 
216.280 
192.375 
300.365 
216.278 
192.358 
300.355 
216.394 
192.418 
300.419 
216.303 
192.380 
300.485 
216.379 
192.397 
300.331 
216.295 
192.546 
300.378 
216.344 
192.335 
300.421 
216.292 
192.298 
300.446 
216.282 
192.335 
300.420 
216.291 
192.311 
300.451 
216.393 
192.445 
300.363 
216.278 
192.340 
300.364 
216.295 
192.417 
300.371 
216.278 
192.376 
300.450 
216.278 
192.379 
300.423 
216.294 
192.337 
300.381 
216.308 
192.348 
300.345 
216.430 
192.379 
300.391 
216.329 
192.468 
300.408 
216.271 
192.299 
300.438 
216.304 
192.308 
300.436 
216.395 
192.378 
300.410 
216.289 
192.225 
300.364 
216.290 
192.333 
300.542 
216.336 
192.326 
300.420 
216.457 
192.330 
300.513 
218.383 
192.428 
300.549 
216.367 
192.432 
300.450 
216.321 
192.385 
300.448 
216.285 
192.401 
300.307 
216.334 
192.291 
300.386 
216.284 
192.336 
300.350 
216.274 
192.288 
301.217 
216.266 
192.316 
300.323 
216.290 
192.338 
300.298 
216.303 
192.318 
300.343 
216.305 
192.284 
300.379 
216.304 
192.282 
300.332 
216.372 
192.348 
300.371 
216.293 
192.287 
300.285 
216.332 
192.301 
300.336 
216.265 
192.299 
300.369 
216.296 
192.559 
300.452 
216.271 
192.370 
300.380 
216.263 
192.309 
300.336 
216.261 
192.280 
301.981 
216.284 
192.357 
301.691 
216.513 
192.356 
301.622 
216.293 
192.318 
301.562 
216.271 
192.347 
301.607 
216.292 
192.366 
301.558 
216.297 
192.317 
301.723 
216.298 
192.295 
301.555 
216.258 
192.342 
301.595 
216.308 
192.292 
301.607 
216.337 
192.299 
301.603 
216.290 
192.333 
301.611 
216.270 
192.294 
301.612 
216.319 
192.360 
300.312 
216.297 
192.302 
301.574 
216.453 
192.299 
301.673 
216.308 
192.287 
301.591 
216.337 
192.296 
304.066 
216.314 
192.298 
301.703 
216.348 
192.262 
301.591 
216.309 
192.328 
301.566 
216.304 
192.337 
301.538 
216.793 
192.336 
301.544 
216.352 
192.400 
301.625 
216.294 
192.370 
301.637 
216.318 
192.271 
301.599 
216.327 
192.436 
301.626 
216.282 
192.324 
301.686 
216.296 
192.373 
301.751 
216.306 
192.308 
301.632 
216.301 
192.531 
301.649 
216.308 
192.418 
301.608 
216.314 
192.411 
301.587 
216.294 
192.343 
301.600 
216.811 
192.448 
301.646 
216.324 
192.442 
301.664 
216.297 
192.291 
301.812 
216.341 
192.282 
301.570 
216.323 
192.333 
301.600 
216.363 
192.362 
301.730 
216.300 
192.331 
301.698 
216.304 
192.335 
301.756 
216.311 
192.286 
301.690 
216.331 
192.288 
301.640 
216.301 
192.430 
301.669 
216.361 
192.303 
301.706 
216.344 
192.293 
301.917 
216.382 
192.347 
301.932 
216.332 
192.338 
301.634 
216.309 
192.620 
301.887 
216.305 
192.510 
301.660 
216.301 
192.285 
301.656 
216.351 
192.273 
301.707 
216.299 
192.304 
301.809 
216.305 
192.295 
301.690 
216.309 
192.291 
301.692 
216.279 
192.274 
301.634 
216.303 
192.336 
301.628 
216.438 
192.305 
301.653 
216.350 
192.272 
301.781 
216.962 
192.253 
301.612 
216.693 
192.299 
301.648 
216.504 
192.488 
301.588 
216.273 
192.242 
301.622 
216.275 
192.320 
301.584 
216.342 
192.380 
301.620 
216.305 
192.343 
301.641 
216.316 
192.429 
301.791 
216.564 
192.393 
301.615 
216.290 
192.334 
301.653 
216.393 
192.306 
301.615 
216.417 
192.343 
301.636 
216.345 
192.359 
301.652 
216.306 
192.365 
301.667 
216.338 
192.367 
301.751 
216.343 
192.317 
301.635 
216.791 
192.370 
301.633 
216.357 
192.387 
301.559 
216.291 
192.438 
301.640 
216.306 
192.385 
301.797 
216.253 
192.379 
301.614 
216.553 
192.362 
301.723 
216.493 
192.362 
301.650 
216.356 
192.361 
301.657 
216.314 
192.442 
300.343 
216.309 
192.323 
300.391 
216.641 
192.575 
300.454 
216.922 
192.477 
300.448 
216.337 
192.375 
300.483 
216.341 
192.340 
300.448 
216.326 
192.405 
300.392 
216.302 
192.471 
300.393 
216.387 
192.564 
300.389 
216.352 
192.448 
300.479 
216.317 
192.476 
300.441 
216.325 
192.675 
300.799 
216.285 
192.357 
300.449 
216.417 
192.354 
300.446 
216.729 
192.481 
300.639 
216.304 
192.378 
300.405 
216.354 
192.380 
300.528 
216.312 
192.373 
300.449 
216.365 
192.349 
300.410 
216.288 
192.356 
300.384 
216.330 
192.409 
300.450 
238.705 
170.034 
278.086 
238.701 
169.951 
278.151 
238.743 
170.051 
278.008 
238.719 
169.952 
278.287 
238.802 
169.946 
278.199 
238.729 
169.958 
278.255 
238.766 
169.945 
278.240 
238.731 
169.943 
278.233 
238.733 
169.906 
278.301 
238.728 
170.024 
278.228 
238.767 
169.962 
278.141 
238.714 
169.914 
278.178 
238.735 
169.949 
278.289 
238.722 
169.943 
399.776 
238.715 
170.021 
278.175 
238.698 
170.002 
278.218 
238.784 
169.929 
278.199 
238.688 
170.015 
278.267 
238.676 
169.977 
278.146 
238.691 
170.123 
278.204 
238.757 
169.979 
278.204 
238.665 
169.994 
278.221 
238.860 
169.977 
278.231 
238.697 
169.958 
278.143 
238.674 
171.276 
278.185 
238.664 
169.986 
278.176 
238.692 
169.949 
278.156 
238.713 
169.949 
278.186 
238.663 
170.106 
278.136 
238.687 
169.949 
278.191 
238.680 
169.909 
278.213 
238.687 
169.943 
278.107 
238.693 
169.936 
278.130 
238.808 
169.984 
278.170 
238.759 
169.959 
278.131 
238.690 
169.984 
278.208 
238.681 
169.960 
278.181 
238.681 
169.982 
278.127 
238.682 
169.925 
278.239 
238.676 
169.933 
278.193 
238.705 
169.966 
278.180 
238.712 
169.963 
278.192 
238.910 
169.952 
278.202 
238.776 
169.980 
278.305 
238.786 
170.041 
278.247 
238.764 
170.021 
278.326 
238.739 
169.979 
278.273 
238.715 
170.043 
278.282 
238.687 
170.018 
278.179 
238.717 
169.971 
278.210 
238.730 
169.938 
280.553 
238.780 
169.934 
278.138 
238.705 
170.013 
278.243 
238.746 
169.959 
278.253 
238.743 
169.988 
278.302 
238.753 
170.055 
278.214 
238.751 
170.026 
278.252 
238.871 
169.953 
278.275 
238.707 
170.012 
278.351 
238.801 
169.948 
278.165 
238.740 
169.941 
278.167 
238.747 
169.957 
278.327 
238.790 
169.936 
278.262 
238.741 
170.042 
278.212 
238.759 
169.991 
278.236 
238.778 
170.028 
278.320 
239.288 
170.066 
278.266 
238.762 
169.975 
278.206 
239.005 
169.988 
278.278 
239.198 
169.948 
278.222 
239.068 
169.965 
278.347 
238.796 
170.001 
278.177 
238.723 
170.018 
278.199 
238.725 
170.119 
278.207 
238.753 
170.053 
278.270 
238.733 
169.973 
278.260 
238.780 
170.007 
278.199 
238.713 
170.011 
278.221 
238.710 
170.012 
278.238 
238.711 
170.000 
278.174 
238.689 
170.111 
278.217 
238.876 
169.999 
278.233 
238.860 
170.024 
278.174 
238.703 
169.978 
278.162 
238.674 
170.024 
278.175 
238.690 
169.970 
278.230 
238.695 
169.989 
278.154 
238.739 
169.984 
278.196 
238.688 
170.132 
278.444 
238.878 
169.970 
278.169 
238.668 
169.926 
278.218 
238.671 
169.985 
278.170 
238.668 
170.125 
278.200 
238.663 
170.019 
278.110 
238.685 
170.013 
278.116 
238.694 
169.997 
278.187 
238.709 
170.038 
278.148 
238.656 
169.982 
278.109 
238.670 
170.032 
278.117 
238.672 
170.064 
278.179 
238.686 
170.108 
278.107 
238.680 
170.004 
278.288 
238.668 
170.016 
278.133 
238.674 
170.047 
278.192 
238.662 
169.993 
278.138 
238.663 
169.969 
278.109 
238.924 
170.025 
278.095 
238.680 
171.976 
278.357 
238.722 
169.999 
278.141 
238.687 
169.988 
278.130 
238.700 
170.038 
278.197 
238.724 
170.103 
278.220 
238.738 
169.999 
278.114 
238.728 
170.102 
278.249 
238.903 
170.021 
278.158 
238.823 
170.163 
278.201 
238.715 
170.066 
278.225 
238.629 
170.210 
278.205 
238.743 
170.108 
278.224 
238.959 
170.103 
278.545 
238.808 
170.027 
278.463 
238.970 
169.971 
278.605 
238.696 
170.002 
278.196 
238.718 
170.041 
278.227 
238.731 
170.028 
278.262 
238.743 
169.983 
278.239 
238.693 
170.030 
278.183 
238.715 
169.977 
278.417 
238.733 
170.030 
278.290 
238.710 
169.939 
278.231 
238.713 
170.047 
278.373 
238.713 
169.932 
278.184 
238.748 
170.023 
278.157 
238.706 
169.998 
278.124 
238.698 
170.085 
278.217 
238.712 
169.942 
278.167 
238.982 
170.033 
278.262 
238.699 
169.974 
278.207 
238.712 
169.904 
278.157 
238.735 
169.918 
278.169 
238.700 
170.081 
278.194 
238.697 
170.093 
278.213 
238.721 
170.090 
278.198 
238.718 
170.022 
278.215 
238.726 
170.203 
278.349 
238.729 
169.940 
278.146 
238.743 
170.003 
278.110 
238.708 
170.003 
278.202 
238.724 
169.963 
278.233 
238.716 
169.958 
278.218 
238.710 
169.995 
278.186 
238.678 
170.010 
278.131 
238.699 
170.005 
278.154 
238.699 
169.958 
278.195 
238.712 
170.025 
278.139 
238.699 
170.042 
278.315 
238.674 
170.011 
278.150 
238.683 
169.915 
278.174 
238.671 
169.948 
278.108 
238.667 
169.896 
278.142 
238.861 
169.963 
278.178 
238.705 
169.959 
278.169 
238.677 
169.887 
278.039 
238.664 
170.032 
278.131 
