83.544 
83.222 
239.259 
83.543 
81.828 
239.055 
83.548 
83.005 
239.573 
83.517 
84.601 
240.138 
83.524 
84.403 
240.468 
83.512 
84.375 
240.032 
83.530 
85.545 
248.136 
83.512 
86.153 
244.912 
83.547 
83.354 
240.534 
83.516 
85.038 
245.487 
83.539 
87.424 
284.735 
83.515 
83.787 
214.124 
83.516 
86.698 
200.776 
83.530 
82.367 
201.674 
83.561 
82.555 
199.911 
83.486 
82.548 
200.651 
83.542 
81.454 
205.126 
83.564 
82.730 
200.763 
83.540 
82.382 
199.960 
83.528 
81.067 
200.610 
83.505 
84.719 
199.633 
83.516 
83.521 
199.690 
83.547 
81.041 
203.351 
83.559 
85.776 
200.062 
83.589 
82.868 
200.497 
83.596 
83.240 
203.485 
83.540 
83.508 
199.633 
83.600 
82.620 
199.686 
83.553 
85.377 
202.451 
83.612 
82.200 
200.325 
83.982 
82.953 
199.922 
83.559 
83.782 
200.605 
83.569 
82.791 
199.812 
86.226 
82.532 
206.430 
83.576 
83.301 
236.203 
83.584 
83.395 
205.427 
83.660 
81.339 
199.781 
83.685 
82.290 
232.693 
84.333 
85.186 
200.154 
83.695 
83.374 
199.857 
83.590 
83.996 
199.875 
85.019 
84.129 
199.887 
83.575 
84.816 
199.694 
83.639 
83.662 
207.863 
83.573 
82.099 
199.722 
83.553 
82.639 
202.489 
83.560 
84.038 
239.039 
83.564 
83.525 
242.017 
83.633 
84.303 
239.043 
84.024 
82.690 
199.640 
83.614 
82.076 
199.641 
83.556 
83.310 
200.552 
83.510 
82.690 
199.945 
83.537 
83.037 
199.753 
83.528 
82.839 
204.198 
84.818 
81.578 
199.672 
83.529 
83.334 
212.729 
83.515 
85.057 
199.723 
83.768 
82.150 
199.590 
83.541 
80.885 
199.579 
83.522 
82.876 
199.688 
83.587 
84.361 
199.573 
83.525 
84.516 
199.588 
83.504 
83.716 
238.676 
83.516 
82.337 
252.580 
83.508 
83.563 
199.875 
83.565 
84.365 
199.684 
83.525 
84.715 
208.847 
83.523 
81.700 
236.077 
83.651 
85.575 
214.053 
83.509 
83.181 
199.711 
83.545 
83.706 
200.846 
83.555 
82.650 
208.158 
83.521 
83.707 
199.819 
83.510 
80.715 
199.820 
83.564 
82.633 
200.691 
83.558 
82.139 
200.050 
83.509 
82.390 
200.718 
83.504 
81.947 
204.667 
83.553 
82.845 
200.118 
83.576 
83.514 
213.794 
83.509 
84.078 
209.066 
83.539 
82.949 
201.245 
83.548 
82.129 
200.359 
83.510 
81.202 
199.835 
83.515 
84.015 
200.631 
83.518 
82.118 
200.355 
83.544 
82.955 
200.037 
83.518 
83.678 
201.436 
83.545 
83.894 
199.653 
83.555 
83.185 
202.227 
83.599 
82.570 
200.216 
83.588 
80.742 
201.712 
83.576 
81.942 
201.653 
83.522 
84.769 
210.940 
83.552 
83.274 
214.072 
83.544 
83.176 
203.707 
83.527 
82.972 
199.948 
83.508 
82.177 
212.940 
83.531 
84.219 
199.660 
83.529 
80.433 
200.271 
83.546 
98.179 
201.609 
83.569 
83.274 
199.587 
83.565 
84.457 
202.179 
83.807 
81.962 
199.673 
83.565 
82.815 
199.631 
83.538 
83.728 
199.639 
83.541 
83.286 
199.631 
83.533 
84.879 
199.790 
85.808 
84.070 
199.790 
83.552 
84.033 
200.101 
83.576 
85.035 
199.736 
83.581 
83.559 
199.677 
83.530 
83.557 
199.621 
83.541 
83.485 
199.750 
83.538 
86.254 
199.711 
83.534 
83.128 
199.820 
83.528 
83.033 
199.993 
83.546 
83.099 
199.747 
83.524 
83.721 
208.102 
83.524 
82.829 
199.681 
83.573 
83.179 
199.644 
83.539 
82.323 
202.673 
83.535 
83.885 
211.226 
83.566 
81.126 
200.108 
83.504 
82.214 
199.615 
83.542 
79.471 
199.584 
83.519 
82.979 
199.634 
83.529 
81.704 
199.630 
83.524 
84.225 
199.707 
83.645 
83.900 
199.950 
83.564 
82.328 
199.821 
83.575 
82.739 
199.618 
83.514 
84.427 
199.684 
83.544 
83.229 
199.606 
83.489 
83.105 
199.624 
83.473 
84.279 
199.559 
83.531 
81.340 
199.608 
83.521 
83.014 
199.717 
83.542 
83.329 
199.642 
83.516 
83.389 
199.598 
83.515 
82.470 
199.620 
83.556 
83.870 
239.323 
83.533 
81.561 
200.363 
83.502 
83.626 
199.816 
83.519 
82.864 
199.671 
83.532 
81.853 
200.859 
83.506 
84.027 
199.619 
83.555 
83.031 
200.007 
83.493 
84.286 
199.616 
83.486 
83.900 
199.665 
83.536 
83.396 
199.652 
83.523 
83.929 
258.000 
83.515 
83.577 
199.640 
83.531 
83.882 
199.888 
83.498 
81.244 
199.637 
83.522 
84.356 
199.660 
83.477 
82.555 
200.130 
83.505 
84.401 
200.566 
83.520 
82.284 
199.598 
83.504 
82.537 
199.596 
83.509 
82.614 
199.600 
83.517 
84.519 
199.630 
83.504 
82.067 
199.644 
83.545 
82.982 
199.615 
83.525 
82.892 
210.658 
83.544 
82.544 
199.688 
83.520 
85.076 
203.177 
83.509 
83.490 
199.610 
83.522 
83.314 
218.205 
83.527 
82.509 
199.639 
83.571 
81.420 
199.736 
83.523 
81.338 
199.608 
83.517 
83.168 
199.593 
83.519 
83.962 
199.914 
83.541 
82.566 
199.694 
83.535 
82.812 
199.588 
83.538 
84.699 
199.672 
83.510 
83.145 
199.577 
83.536 
84.873 
199.593 
83.540 
83.463 
199.586 
83.519 
82.948 
199.946 
83.532 
92.195 
199.736 
83.526 
82.583 
199.547 
83.524 
83.397 
199.586 
83.526 
83.289 
199.618 
83.502 
84.309 
199.570 
83.534 
82.048 
199.563 
83.528 
82.665 
199.571 
83.527 
83.670 
199.581 
83.502 
82.224 
199.577 
83.489 
82.702 
199.572 
83.477 
81.322 
199.560 
83.507 
83.770 
199.590 
83.504 
83.125 
199.613 
83.513 
83.925 
199.569 
83.494 
82.614 
199.592 
83.535 
80.872 
199.606 
83.504 
81.184 
199.657 
83.507 
82.592 
199.620 
83.512 
83.640 
199.805 
83.509 
83.084 
199.581 
83.572 
81.930 
199.603 
83.493 
83.717 
199.623 
83.528 
82.759 
199.650 
83.481 
83.983 
199.976 
83.515 
83.619 
199.650 
83.506 
80.916 
233.937 
83.544 
83.473 
199.613 
83.521 
83.647 
199.720 
83.504 
82.271 
200.718 
83.525 
82.757 
213.282 
83.510 
84.450 
205.646 
83.503 
83.694 
203.351 
83.552 
81.353 
199.768 
83.495 
84.373 
199.966 
83.475 
82.867 
200.470 
83.504 
84.431 
200.646 
83.512 
82.242 
200.101 
83.551 
82.993 
232.015 
83.507 
82.139 
202.553 
83.532 
82.399 
200.716 
83.510 
84.598 
200.332 
83.506 
84.057 
204.123 
83.575 
81.791 
201.890 
83.474 
83.942 
205.363 
83.502 
85.182 
205.674 
83.491 
82.927 
203.471 
83.501 
84.960 
203.503 
83.495 
83.276 
200.713 
83.508 
81.688 
199.794 
83.591 
82.264 
199.729 
83.569 
84.352 
200.022 
83.555 
84.556 
201.125 
83.560 
83.254 
199.777 
83.574 
81.864 
199.811 
83.566 
86.643 
201.250 
83.570 
84.664 
200.344 
83.878 
83.044 
199.621 
83.856 
83.626 
199.613 
83.619 
84.275 
199.562 
84.334 
82.619 
199.702 
83.686 
80.849 
200.360 
83.736 
83.056 
199.650 
83.821 
83.428 
204.991 
106.080 
82.492 
199.664 
83.610 
84.659 
199.581 
83.700 
83.507 
200.084 
84.308 
81.816 
199.871 
83.564 
82.079 
199.543 
83.530 
84.253 
199.699 
85.602 
84.406 
199.688 
83.502 
84.635 
199.634 
83.543 
84.007 
199.628 
83.531 
83.569 
200.989 
83.505 
80.679 
200.722 
83.518 
84.306 
199.619 
83.706 
82.632 
199.552 
83.537 
85.144 
199.680 
83.512 
84.091 
199.624 
83.590 
83.636 
199.532 
83.539 
83.359 
199.590 
83.642 
84.335 
199.544 
83.497 
81.691 
199.617 
83.507 
83.070 
199.633 
83.519 
82.811 
211.172 
83.481 
82.555 
200.748 
83.483 
81.456 
200.251 
83.527 
83.878 
199.710 
83.522 
82.176 
201.830 
83.530 
82.082 
202.170 
83.529 
87.007 
199.779 
83.534 
82.879 
199.711 
83.631 
81.286 
200.901 
83.523 
84.558 
199.668 
83.551 
82.898 
200.397 
83.495 
83.453 
199.950 
83.493 
82.558 
211.994 
83.472 
83.484 
204.548 
83.521 
84.065 
202.749 
83.508 
82.218 
200.545 
83.531 
79.813 
199.929 
83.540 
83.141 
201.564 
83.511 
83.653 
206.654 
83.524 
82.441 
201.008 
83.513 
88.021 
256.893 
83.503 
82.360 
241.149 
83.540 
84.450 
213.171 
83.541 
82.451 
210.419 
83.571 
81.220 
213.755 
83.508 
83.290 
199.688 
83.508 
82.746 
200.306 
83.507 
84.039 
208.984 
83.517 
81.389 
200.649 
83.614 
82.020 
201.527 
83.564 
84.343 
200.464 
83.489 
82.593 
235.280 
83.535 
83.526 
200.605 
83.492 
85.653 
200.390 
83.557 
83.381 
200.771 
83.561 
84.918 
199.829 
84.030 
81.974 
201.695 
83.595 
82.339 
199.708 
83.547 
83.849 
200.149 
83.572 
84.339 
199.608 
83.540 
84.420 
199.747 
84.118 
85.913 
239.329 
83.538 
82.913 
199.635 
83.540 
82.018 
199.613 
83.674 
83.528 
199.588 
83.525 
84.034 
199.826 
83.549 
82.935 
199.552 
83.832 
83.643 
199.573 
83.528 
83.717 
199.887 
83.569 
83.561 
199.692 
83.958 
83.788 
199.783 
83.581 
84.139 
200.401 
83.577 
83.677 
200.232 
83.551 
84.826 
199.774 
83.579 
82.509 
200.259 
83.895 
83.008 
199.638 
83.603 
82.714 
199.535 
83.535 
83.937 
199.565 
83.924 
83.816 
199.536 
83.554 
83.836 
199.714 
83.523 
82.725 
199.619 
83.525 
85.164 
199.525 
83.571 
84.116 
199.790 
83.581 
81.479 
200.791 
83.560 
84.503 
199.574 
83.497 
85.401 
199.647 
83.574 
82.805 
199.834 
83.656 
81.060 
199.691 
83.483 
84.725 
200.504 
83.495 
86.496 
199.637 
83.542 
83.491 
199.611 
83.527 
83.466 
199.638 
83.526 
84.462 
199.656 
83.534 
83.516 
199.755 
83.551 
85.164 
199.656 
83.501 
82.902 
199.659 
83.481 
82.159 
199.625 
83.515 
82.775 
200.586 
83.504 
82.940 
213.041 
83.484 
82.493 
199.663 
83.544 
83.030 
199.681 
83.491 
81.149 
199.746 
83.527 
82.780 
200.417 
83.530 
80.512 
199.768 
83.501 
84.813 
200.543 
83.524 
83.076 
199.768 
83.503 
85.558 
202.108 
83.518 
85.634 
200.901 
83.512 
81.590 
199.700 
83.498 
82.963 
199.867 
83.530 
83.244 
206.460 
83.550 
81.889 
203.913 
83.491 
81.994 
202.010 
83.516 
83.186 
199.828 
83.559 
84.158 
208.770 
83.523 
81.267 
199.737 
83.527 
85.726 
199.621 
83.556 
84.776 
199.581 
83.520 
84.094 
199.688 
83.625 
85.536 
199.638 
83.552 
82.189 
200.184 
83.541 
82.450 
199.686 
83.582 
81.970 
199.818 
83.602 
83.551 
199.619 
83.538 
86.190 
199.787 
83.568 
84.577 
199.844 
83.569 
82.968 
201.482 
83.554 
83.503 
199.785 
83.642 
83.591 
199.676 
83.577 
84.426 
199.913 
83.612 
85.406 
239.026 
83.550 
83.085 
238.927 
83.657 
84.609 
238.888 
83.580 
84.668 
238.926 
83.620 
82.642 
238.951 
83.563 
82.688 
257.539 
83.583 
85.203 
238.921 
84.096 
83.854 
238.890 
87.876 
85.636 
238.927 
83.563 
84.702 
239.499 
83.547 
84.039 
238.869 
83.649 
83.806 
199.536 
