300.365 
124.324 
206.059 
300.444 
124.414 
207.363 
300.385 
124.325 
207.356 
300.417 
124.347 
206.069 
300.438 
124.371 
207.320 
300.387 
124.409 
206.645 
300.324 
124.335 
206.193 
300.416 
124.334 
206.148 
300.398 
124.378 
206.101 
300.337 
124.380 
206.179 
300.400 
124.451 
206.084 
300.352 
124.436 
207.395 
300.434 
124.336 
207.558 
300.453 
124.346 
206.175 
300.489 
124.395 
206.290 
300.401 
124.342 
206.201 
300.389 
124.446 
206.130 
300.405 
124.442 
206.257 
300.454 
125.463 
206.125 
300.362 
124.372 
206.235 
300.371 
124.364 
206.155 
300.406 
124.461 
206.223 
300.329 
124.412 
206.223 
300.400 
124.333 
206.179 
300.423 
124.361 
206.096 
300.374 
124.366 
206.215 
300.496 
124.448 
206.236 
311.765 
124.359 
206.731 
300.406 
124.389 
206.149 
300.335 
124.360 
206.198 
300.502 
124.437 
206.096 
300.332 
124.459 
206.158 
300.389 
124.378 
206.107 
300.387 
124.367 
206.108 
300.448 
124.407 
206.187 
300.421 
124.388 
206.198 
300.403 
124.379 
206.207 
300.385 
124.339 
206.145 
301.134 
124.375 
206.195 
300.285 
124.348 
206.112 
300.418 
124.398 
206.158 
300.392 
124.378 
206.223 
300.427 
124.411 
206.194 
300.390 
124.361 
206.170 
300.423 
124.332 
206.160 
300.284 
124.326 
206.157 
300.375 
124.375 
206.131 
300.394 
124.331 
206.194 
300.313 
124.332 
206.116 
300.318 
124.302 
207.415 
300.418 
124.339 
206.157 
300.279 
124.365 
207.400 
300.365 
124.445 
209.577 
300.300 
124.305 
206.073 
300.326 
124.404 
207.379 
300.284 
124.352 
207.421 
300.390 
124.329 
206.174 
300.377 
127.368 
207.587 
300.335 
124.400 
207.390 
300.353 
124.330 
207.358 
300.307 
124.334 
207.428 
300.489 
124.312 
206.167 
300.349 
124.325 
207.511 
300.317 
124.323 
207.390 
300.376 
124.323 
207.416 
300.339 
124.334 
206.193 
300.392 
124.321 
206.179 
301.605 
124.319 
206.147 
301.657 
124.330 
206.236 
301.624 
124.346 
206.252 
301.628 
124.352 
206.132 
301.611 
124.392 
207.386 
301.680 
124.550 
206.156 
301.649 
124.373 
206.188 
300.377 
124.360 
300.392 
124.364 
206.278 
300.396 
124.651 
207.445 
300.434 
124.347 
207.514 
300.346 
124.358 
207.336 
300.380 
124.401 
207.400 
300.370 
124.362 
207.417 
300.405 
124.355 
207.430 
300.374 
124.359 
207.395 
300.494 
124.403 
207.888 
300.382 
124.345 
207.395 
300.371 
124.367 
207.574 
300.348 
124.353 
207.429 
300.468 
124.404 
207.598 
300.453 
124.358 
207.400 
300.410 
124.392 
207.402 
300.356 
124.501 
207.376 
300.400 
124.394 
207.350 
300.406 
124.362 
207.448 
300.419 
124.375 
207.399 
300.374 
124.355 
207.449 
300.394 
124.447 
207.515 
300.392 
119.961 
207.469 
300.458 
124.440 
207.429 
300.430 
124.428 
207.412 
300.480 
124.353 
207.447 
300.438 
124.375 
207.482 
300.475 
124.394 
207.412 
300.455 
124.349 
207.522 
304.511 
124.354 
207.515 
300.359 
124.359 
207.505 
300.326 
124.364 
207.399 
300.414 
124.415 
207.402 
300.395 
124.437 
207.529 
300.319 
124.373 
207.369 
300.359 
124.347 
207.345 
300.300 
124.419 
207.426 
300.293 
124.371 
207.800 
300.302 
124.378 
207.383 
300.401 
124.347 
206.179 
300.337 
128.171 
206.106 
300.315 
124.353 
206.176 
300.400 
124.367 
206.110 
300.377 
124.341 
206.162 
300.400 
124.411 
206.202 
301.585 
124.561 
206.131 
301.634 
124.407 
206.121 
301.599 
124.388 
206.235 
301.622 
124.362 
206.119 
301.536 
124.465 
206.105 
301.689 
124.372 
206.167 
301.528 
125.674 
206.066 
301.611 
125.688 
206.142 
301.604 
125.602 
206.202 
301.650 
125.707 
206.204 
301.573 
125.604 
206.184 
301.749 
124.400 
206.165 
300.335 
124.320 
207.380 
300.378 
124.490 
206.242 
301.539 
124.390 
207.363 
301.619 
124.413 
207.341 
301.572 
124.401 
206.152 
303.546 
124.375 
206.159 
301.653 
124.469 
206.153 
301.555 
124.344 
206.184 
301.667 
128.633 
206.180 
301.708 
124.394 
206.079 
301.688 
124.403 
206.172 
303.671 
124.379 
206.899 
301.665 
124.377 
206.143 
301.640 
124.371 
206.126 
301.718 
124.452 
207.434 
301.790 
124.369 
207.437 
301.688 
124.382 
207.470 
301.687 
124.386 
207.451 
301.696 
124.426 
207.539 
301.667 
124.416 
206.180 
301.692 
124.344 
206.179 
301.707 
124.358 
206.175 
301.664 
124.407 
206.108 
301.638 
124.361 
206.362 
301.630 
124.399 
206.105 
301.792 
124.415 
206.183 
301.609 
124.473 
206.148 
301.999 
124.366 
206.174 
301.637 
124.385 
206.204 
301.673 
124.417 
206.175 
301.745 
124.368 
206.115 
301.652 
124.422 
206.224 
301.687 
124.485 
206.193 
301.636 
124.394 
206.126 
301.716 
124.365 
206.125 
301.666 
124.395 
206.160 
301.748 
124.380 
206.162 
301.656 
124.362 
206.181 
301.714 
124.373 
206.217 
301.618 
124.427 
206.213 
301.817 
124.404 
206.306 
301.706 
124.378 
206.285 
301.818 
124.386 
206.184 
301.672 
124.386 
206.245 
301.708 
124.386 
206.151 
301.669 
124.416 
206.128 
301.705 
124.410 
206.190 
301.659 
124.399 
206.152 
301.702 
124.373 
206.083 
301.611 
124.362 
206.115 
301.643 
124.371 
206.151 
301.609 
124.368 
206.151 
301.687 
124.401 
206.193 
301.866 
124.358 
206.200 
301.630 
124.516 
206.225 
301.620 
124.355 
207.974 
301.684 
124.334 
206.187 
301.678 
124.406 
206.146 
301.599 
124.331 
207.407 
301.617 
125.605 
207.406 
301.678 
125.616 
206.199 
301.608 
125.654 
206.191 
301.616 
125.606 
206.163 
301.634 
125.566 
207.451 
301.603 
125.614 
206.146 
301.611 
125.595 
206.272 
301.607 
125.579 
207.450 
301.646 
125.624 
207.421 
301.646 
125.723 
206.379 
301.694 
125.623 
206.268 
301.610 
125.598 
206.331 
301.655 
124.356 
207.442 
300.414 
124.309 
206.141 
300.402 
124.326 
206.215 
300.451 
124.380 
206.192 
300.423 
124.350 
207.426 
300.503 
124.352 
207.453 
730.220 
124.343 
207.580 
300.446 
124.360 
206.202 
300.475 
124.343 
206.293 
300.444 
124.372 
206.243 
300.450 
124.400 
206.346 
300.466 
124.462 
206.339 
300.515 
124.340 
206.187 
300.467 
124.378 
206.285 
300.467 
124.376 
206.261 
300.478 
124.377 
206.204 
300.536 
124.366 
206.281 
300.493 
124.367 
206.173 
300.395 
124.388 
206.196 
300.432 
124.406 
206.183 
300.473 
124.359 
206.287 
278.062 
124.434 
207.530 
278.085 
124.365 
207.463 
278.094 
124.357 
207.469 
278.194 
124.399 
207.451 
278.239 
124.370 
207.526 
278.193 
124.379 
207.412 
278.286 
124.449 
207.462 
278.152 
124.419 
207.485 
278.205 
124.360 
207.447 
278.261 
124.356 
207.540 
278.209 
124.361 
207.468 
278.186 
124.415 
207.418 
278.170 
124.345 
207.594 
395.043 
124.352 
207.521 
278.201 
124.353 
208.335 
278.178 
124.341 
209.320 
278.203 
124.335 
209.015 
278.240 
124.376 
208.740 
278.193 
124.331 
211.875 
278.215 
124.356 
216.440 
278.207 
124.420 
223.845 
278.215 
124.348 
207.973 
278.235 
124.380 
209.357 
278.715 
124.430 
206.690 
278.131 
124.375 
207.678 
278.180 
124.352 
209.715 
278.446 
124.485 
206.844 
278.206 
124.358 
206.888 
278.204 
124.351 
207.598 
278.221 
124.339 
206.904 
278.207 
124.342 
208.137 
278.139 
124.373 
206.460 
278.143 
124.333 
209.590 
278.203 
124.583 
206.286 
278.186 
124.320 
206.463 
278.157 
123.171 
208.206 
278.156 
123.067 
206.684 
278.133 
123.042 
215.645 
278.192 
123.053 
206.265 
278.151 
124.350 
206.252 
278.240 
124.334 
206.209 
278.191 
124.324 
206.322 
278.230 
123.068 
206.284 
278.256 
123.067 
207.501 
278.218 
123.107 
206.265 
278.311 
123.088 
206.244 
278.266 
123.070 
206.272 
278.198 
123.212 
206.181 
278.177 
123.117 
206.153 
278.319 
123.127 
207.413 
278.160 
123.092 
206.261 
278.175 
123.103 
206.225 
278.295 
123.090 
206.187 
278.190 
123.067 
206.153 
278.319 
123.293 
206.189 
278.211 
123.127 
206.314 
278.162 
123.094 
206.281 
278.266 
123.094 
206.291 
279.194 
123.089 
200.704 
278.241 
123.105 
207.502 
278.274 
123.108 
207.549 
278.349 
123.086 
206.210 
278.324 
123.102 
207.474 
278.197 
123.109 
207.573 
278.229 
123.099 
208.162 
278.283 
123.102 
208.149 
278.240 
123.239 
208.115 
278.299 
123.136 
208.067 
278.218 
123.101 
206.848 
278.219 
123.144 
206.843 
278.289 
123.112 
206.809 
278.374 
123.185 
206.831 
278.311 
124.973 
206.816 
278.233 
123.101 
206.837 
278.246 
123.106 
206.978 
278.219 
123.105 
206.869 
278.193 
123.095 
206.893 
278.200 
123.120 
206.834 
278.172 
123.100 
206.835 
278.208 
123.087 
206.874 
278.135 
123.107 
206.747 
278.205 
123.145 
206.842 
278.189 
123.139 
207.021 
278.208 
123.075 
207.279 
278.201 
123.148 
207.185 
278.222 
123.112 
207.282 
278.238 
123.107 
206.687 
278.143 
123.082 
207.305 
278.185 
123.100 
206.369 
278.155 
123.192 
206.898 
278.144 
123.139 
207.501 
279.025 
123.107 
207.411 
278.272 
123.084 
208.055 
278.198 
123.138 
207.894 
278.182 
123.105 
210.545 
278.120 
123.155 
209.831 
278.180 
123.083 
207.392 
278.128 
123.078 
208.951 
278.239 
123.119 
212.529 
278.228 
123.053 
206.636 
278.194 
123.086 
207.473 
278.423 
123.068 
207.529 
278.122 
123.074 
208.489 
278.116 
123.099 
207.860 
278.174 
124.323 
206.610 
278.101 
123.071 
206.189 
278.173 
124.323 
206.358 
278.165 
124.324 
206.492 
278.180 
123.056 
206.140 
278.148 
123.059 
207.448 
278.219 
124.456 
206.133 
278.207 
123.083 
206.282 
278.203 
123.077 
206.196 
278.148 
123.124 
206.335 
278.198 
123.053 
206.180 
278.189 
123.059 
206.147 
278.220 
123.057 
207.850 
278.263 
124.034 
206.178 
278.388 
123.076 
206.210 
278.409 
123.082 
207.518 
278.537 
123.089 
206.135 
278.210 
123.075 
206.177 
278.221 
123.120 
206.204 
278.281 
123.075 
206.232 
278.270 
123.087 
206.257 
278.234 
123.124 
206.328 
278.227 
123.124 
206.343 
278.162 
123.104 
206.156 
278.261 
123.089 
206.281 
278.277 
123.113 
206.216 
278.276 
123.138 
206.199 
278.318 
123.183 
206.215 
278.172 
123.087 
206.181 
278.183 
123.117 
206.175 
278.204 
123.156 
206.172 
278.221 
123.098 
206.658 
278.240 
123.325 
206.184 
278.235 
123.091 
206.155 
278.159 
123.115 
207.491 
278.273 
123.099 
206.257 
278.180 
123.111 
206.110 
278.235 
123.093 
206.158 
278.169 
123.169 
206.318 
278.183 
123.131 
206.196 
278.171 
124.238 
206.178 
278.176 
123.087 
206.202 
278.177 
123.114 
207.475 
278.213 
123.098 
207.440 
279.347 
123.116 
207.490 
278.197 
123.090 
207.433 
278.143 
123.092 
207.478 
278.257 
123.096 
207.457 
278.197 
123.104 
207.525 
278.889 
123.086 
207.536 
278.282 
123.119 
210.389 
278.171 
123.090 
212.415 
278.208 
123.083 
208.302 
278.177 
123.151 
208.687 
278.217 
123.086 
210.811 
278.170 
123.073 
207.975 
278.147 
123.058 
213.651 
278.105 
123.119 
206.398 
278.093 
123.095 
206.408 
278.113 
123.061 
212.537 
