165.855 
48.008 
133.221 
165.945 
48.003 
133.237 
165.898 
48.021 
133.248 
165.956 
48.020 
133.234 
166.025 
48.015 
133.201 
165.918 
48.003 
133.225 
166.131 
48.010 
133.247 
165.931 
47.997 
133.271 
165.957 
48.003 
133.257 
165.976 
48.182 
133.233 
165.866 
47.998 
133.541 
165.856 
48.002 
133.199 
166.023 
48.010 
133.211 
166.113 
48.004 
133.290 
165.879 
48.008 
133.317 
165.878 
47.996 
133.237 
165.897 
48.000 
133.216 
165.872 
48.006 
133.243 
165.880 
47.996 
133.203 
165.942 
47.999 
133.176 
165.873 
48.008 
133.234 
165.884 
47.997 
133.238 
165.810 
47.996 
133.280 
165.802 
48.010 
133.271 
166.210 
48.007 
133.216 
165.849 
48.002 
133.237 
165.739 
47.996 
133.213 
165.866 
47.997 
133.277 
165.819 
48.013 
133.290 
165.797 
48.022 
133.248 
165.830 
47.994 
133.241 
165.839 
47.995 
133.217 
165.836 
48.008 
133.249 
165.861 
48.007 
133.226 
165.804 
48.002 
133.267 
165.838 
48.216 
133.248 
165.862 
48.014 
133.264 
167.222 
48.006 
133.277 
165.775 
48.137 
133.277 
165.814 
48.012 
133.207 
166.043 
48.001 
133.209 
165.787 
47.998 
133.242 
165.823 
47.997 
133.279 
165.783 
48.004 
133.232 
165.921 
47.999 
133.247 
165.815 
48.009 
133.234 
165.800 
47.998 
133.227 
165.755 
48.122 
133.233 
165.830 
47.998 
133.224 
165.810 
48.006 
133.236 
165.735 
48.280 
133.237 
165.731 
47.999 
133.248 
165.962 
48.002 
133.221 
165.749 
48.002 
133.236 
165.774 
48.018 
133.210 
165.861 
47.997 
133.210 
165.757 
48.189 
133.255 
165.829 
48.229 
133.293 
165.732 
48.007 
133.235 
165.734 
47.996 
133.251 
165.832 
48.082 
133.227 
165.790 
48.043 
133.238 
165.883 
48.016 
133.236 
165.756 
48.008 
133.239 
165.756 
48.019 
133.223 
165.757 
47.993 
133.255 
166.118 
47.996 
133.452 
165.809 
48.023 
133.270 
165.853 
48.002 
133.378 
165.755 
48.020 
133.180 
165.796 
48.002 
133.211 
165.749 
48.014 
133.249 
165.923 
48.006 
133.249 
165.815 
48.002 
133.244 
165.887 
48.003 
133.236 
165.839 
48.033 
133.201 
165.792 
48.005 
133.201 
166.085 
47.996 
133.236 
165.781 
48.014 
133.222 
165.798 
48.005 
133.225 
165.739 
48.012 
133.247 
165.817 
48.012 
133.251 
165.785 
48.014 
133.417 
165.998 
48.387 
133.185 
165.808 
47.998 
133.175 
165.784 
48.003 
133.195 
165.796 
48.010 
133.271 
165.761 
48.002 
133.212 
165.755 
48.012 
133.235 
165.743 
48.000 
133.198 
165.801 
48.005 
133.263 
165.746 
48.014 
133.202 
165.746 
48.013 
133.194 
165.773 
48.000 
133.246 
165.777 
48.003 
133.212 
165.782 
48.005 
133.195 
165.746 
48.014 
133.206 
165.845 
48.004 
133.321 
165.858 
48.000 
133.187 
165.769 
48.215 
133.224 
165.919 
48.007 
133.201 
165.818 
48.003 
133.202 
165.760 
48.006 
133.227 
165.770 
48.000 
133.182 
165.747 
47.997 
133.197 
165.764 
48.010 
133.190 
165.809 
48.004 
133.250 
165.756 
48.153 
133.258 
165.936 
48.115 
133.238 
165.763 
48.011 
133.240 
166.011 
48.013 
133.252 
165.785 
48.000 
133.225 
165.729 
48.020 
133.246 
165.748 
48.013 
133.191 
165.740 
48.001 
133.239 
165.853 
48.001 
133.224 
165.785 
48.003 
133.285 
165.756 
48.018 
133.287 
166.175 
48.008 
133.217 
165.808 
48.011 
133.245 
165.715 
48.010 
133.212 
165.800 
48.012 
133.263 
166.344 
48.039 
133.524 
165.792 
48.003 
133.236 
165.917 
48.000 
133.242 
165.775 
47.998 
133.232 
165.759 
48.007 
133.214 
165.823 
48.012 
133.210 
165.749 
47.998 
133.586 
165.741 
48.010 
133.235 
165.974 
47.998 
133.260 
165.760 
48.005 
133.256 
165.740 
48.012 
133.263 
165.756 
48.045 
133.191 
165.846 
48.012 
133.219 
165.727 
48.020 
133.205 
165.756 
48.010 
133.285 
165.763 
48.018 
133.283 
165.755 
48.009 
133.235 
165.881 
48.006 
133.250 
165.768 
48.001 
133.269 
165.737 
48.007 
133.246 
165.837 
48.011 
133.232 
165.838 
48.005 
133.233 
165.867 
47.997 
133.226 
165.837 
48.001 
133.242 
165.752 
48.068 
133.273 
165.816 
47.992 
133.252 
165.874 
47.997 
133.193 
165.787 
48.001 
133.181 
165.743 
48.004 
133.230 
165.758 
48.000 
133.248 
165.820 
48.002 
133.273 
165.768 
48.264 
133.243 
165.868 
48.014 
133.418 
165.845 
48.006 
133.233 
165.765 
47.999 
133.233 
165.764 
48.002 
133.241 
165.840 
48.011 
133.258 
165.810 
48.425 
133.250 
165.999 
48.008 
133.261 
165.771 
48.005 
133.290 
165.877 
48.005 
133.262 
165.815 
48.009 
133.207 
165.743 
48.010 
133.215 
165.775 
48.027 
133.343 
165.775 
48.182 
133.555 
165.853 
47.998 
133.286 
165.816 
48.214 
133.226 
165.846 
48.005 
133.237 
165.777 
48.004 
133.199 
165.768 
48.002 
133.247 
165.756 
48.000 
133.258 
165.814 
48.026 
133.259 
165.753 
48.003 
133.356 
165.786 
48.011 
133.248 
165.752 
48.005 
133.282 
165.763 
48.072 
133.242 
165.797 
48.088 
133.325 
165.787 
48.009 
133.212 
165.757 
48.003 
133.234 
165.817 
48.019 
133.255 
165.732 
48.057 
133.236 
165.808 
48.379 
133.218 
165.902 
48.118 
133.197 
165.775 
48.010 
133.197 
165.781 
48.001 
133.193 
165.788 
48.012 
133.234 
165.764 
48.200 
133.214 
165.795 
48.009 
133.212 
165.756 
48.001 
133.218 
165.796 
48.029 
134.178 
165.758 
48.003 
134.157 
165.798 
47.997 
134.298 
166.106 
48.033 
134.132 
166.033 
47.990 
134.149 
165.776 
48.251 
134.147 
165.814 
48.013 
134.177 
165.884 
47.999 
134.131 
165.785 
48.000 
134.155 
165.817 
47.996 
133.178 
165.826 
48.006 
133.234 
165.828 
48.016 
133.277 
166.077 
48.059 
133.223 
165.809 
48.004 
133.253 
165.897 
48.005 
133.240 
165.841 
48.003 
133.246 
165.808 
48.003 
133.227 
165.892 
48.024 
133.204 
165.814 
48.013 
133.230 
165.786 
48.011 
133.248 
165.875 
48.013 
133.398 
165.844 
48.008 
133.261 
165.791 
48.006 
133.239 
165.800 
48.009 
133.175 
165.792 
48.132 
133.199 
165.912 
48.011 
133.332 
165.822 
48.011 
133.256 
165.819 
48.010 
133.247 
165.820 
48.006 
133.250 
165.896 
48.432 
133.249 
165.766 
48.002 
133.306 
165.818 
47.995 
133.233 
165.864 
48.007 
133.210 
188.194 
48.004 
133.226 
188.193 
48.006 
133.439 
188.198 
48.177 
133.256 
188.434 
48.011 
133.287 
188.203 
47.992 
133.231 
188.464 
48.033 
133.261 
188.511 
48.297 
133.193 
188.207 
48.000 
133.254 
188.167 
48.006 
133.297 
188.244 
48.002 
133.241 
188.362 
48.054 
133.241 
188.158 
48.012 
133.400 
188.275 
48.002 
133.339 
188.353 
48.081 
133.401 
188.254 
48.021 
133.233 
188.204 
48.020 
133.259 
188.193 
48.007 
133.550 
188.229 
48.018 
133.436 
188.188 
48.014 
133.331 
188.200 
48.065 
133.230 
188.267 
48.011 
133.237 
188.307 
48.017 
133.349 
188.224 
48.016 
133.241 
188.187 
48.019 
133.303 
188.198 
48.025 
133.250 
188.209 
48.049 
133.248 
188.214 
48.059 
133.261 
188.197 
48.017 
133.272 
195.923 
48.015 
133.225 
188.153 
48.271 
133.378 
188.228 
48.023 
133.244 
188.170 
48.012 
133.237 
188.298 
48.003 
133.239 
188.241 
48.017 
133.257 
188.373 
48.035 
133.233 
188.191 
48.016 
133.280 
188.191 
48.022 
133.180 
188.305 
48.010 
133.183 
188.204 
48.007 
133.314 
188.183 
48.040 
133.212 
188.217 
48.003 
133.205 
188.219 
48.014 
133.213 
188.352 
48.000 
133.207 
188.462 
48.009 
133.227 
188.238 
48.284 
133.193 
188.239 
48.027 
133.192 
188.199 
48.021 
133.215 
188.215 
48.003 
133.269 
188.238 
48.013 
133.272 
188.296 
48.005 
133.209 
188.190 
48.007 
133.358 
188.263 
48.015 
133.207 
188.216 
48.012 
133.218 
188.212 
48.093 
133.331 
188.185 
48.019 
133.247 
188.194 
48.006 
133.249 
188.860 
48.012 
133.216 
188.256 
48.026 
133.287 
188.185 
48.020 
133.215 
188.485 
48.019 
133.236 
188.220 
48.002 
133.192 
188.492 
48.010 
133.223 
188.330 
48.012 
133.246 
188.246 
48.009 
133.269 
188.231 
48.009 
133.281 
188.190 
48.005 
133.246 
188.205 
48.019 
133.239 
188.277 
47.999 
133.217 
188.252 
48.013 
133.246 
188.234 
48.000 
133.279 
188.229 
74.825 
133.258 
188.228 
48.011 
133.279 
190.316 
48.028 
133.265 
188.318 
48.050 
133.403 
188.209 
48.022 
133.192 
188.235 
48.020 
133.218 
188.348 
48.006 
133.201 
188.268 
48.008 
133.241 
188.212 
48.002 
133.400 
188.356 
47.996 
133.285 
188.230 
47.999 
133.293 
188.260 
48.013 
133.276 
188.304 
48.020 
133.286 
188.422 
48.005 
133.255 
188.216 
48.001 
133.284 
188.208 
48.003 
133.288 
188.260 
48.013 
133.288 
188.246 
48.003 
133.251 
188.414 
48.018 
133.523 
188.241 
48.006 
133.272 
188.236 
48.056 
133.262 
188.301 
48.026 
133.277 
188.203 
48.020 
133.222 
188.388 
48.007 
133.280 
188.506 
48.017 
133.257 
188.188 
48.008 
133.258 
188.242 
48.016 
133.239 
188.263 
48.094 
133.223 
188.252 
48.014 
133.235 
188.288 
48.009 
133.212 
188.351 
48.025 
133.492 
188.305 
48.108 
133.219 
188.231 
48.011 
133.246 
188.239 
48.006 
133.221 
188.236 
48.030 
133.701 
188.387 
48.105 
133.235 
188.238 
48.014 
133.199 
188.219 
48.009 
133.282 
188.208 
48.011 
133.247 
188.284 
48.251 
133.235 
188.228 
48.017 
133.245 
188.231 
48.000 
133.217 
188.221 
48.030 
133.205 
188.279 
48.004 
133.203 
188.250 
48.107 
133.389 
188.248 
48.009 
133.228 
188.214 
48.015 
133.242 
188.311 
48.019 
133.302 
188.276 
48.033 
133.257 
188.226 
48.008 
133.279 
188.296 
48.015 
133.269 
188.837 
48.018 
133.263 
188.211 
48.020 
133.208 
188.304 
48.026 
133.196 
188.302 
48.028 
133.235 
188.254 
48.183 
133.315 
188.239 
48.031 
133.276 
188.309 
48.020 
133.248 
188.218 
48.009 
133.259 
188.277 
48.029 
133.643 
188.277 
48.004 
133.242 
188.234 
48.008 
133.216 
188.264 
48.010 
133.254 
188.270 
48.008 
133.345 
188.244 
48.003 
133.227 
188.277 
48.024 
133.276 
188.282 
48.137 
133.257 
188.336 
48.006 
133.197 
188.224 
48.003 
133.198 
188.230 
48.012 
133.219 
188.206 
48.019 
133.268 
188.638 
48.006 
133.418 
188.300 
48.036 
133.251 
188.339 
48.020 
133.248 
188.265 
47.996 
133.259 
188.254 
48.262 
133.247 
188.184 
48.005 
133.257 
188.249 
48.012 
133.236 
188.245 
48.001 
133.263 
188.177 
48.006 
133.274 
188.339 
47.996 
133.244 
188.653 
48.012 
133.302 
188.283 
48.034 
133.219 
188.249 
48.006 
133.220 
188.174 
48.020 
133.201 
188.213 
48.001 
133.242 
188.167 
48.006 
133.273 
188.342 
48.011 
133.269 
188.491 
48.003 
133.247 
188.256 
48.046 
133.275 
188.187 
48.014 
133.230 
188.396 
48.087 
133.305 
188.249 
48.499 
133.269 
188.195 
48.288 
133.287 
188.283 
48.059 
133.353 
