223.940 
165.850 
320.373 
223.911 
165.883 
320.331 
224.016 
165.890 
320.388 
223.941 
165.920 
320.310 
223.997 
166.597 
320.284 
223.972 
165.884 
320.283 
223.936 
165.917 
320.329 
223.978 
165.890 
320.306 
223.902 
165.862 
320.391 
223.950 
165.882 
320.263 
223.895 
165.871 
320.412 
223.914 
165.837 
320.266 
223.937 
165.851 
320.287 
223.933 
165.856 
320.300 
223.987 
165.852 
320.291 
223.912 
165.850 
320.246 
223.906 
165.866 
320.303 
223.923 
165.844 
320.326 
223.977 
165.836 
320.331 
223.934 
165.899 
320.297 
223.858 
165.860 
320.266 
223.968 
165.870 
320.323 
223.952 
165.859 
320.319 
223.858 
165.786 
320.305 
223.879 
165.831 
320.258 
223.981 
165.854 
320.206 
223.908 
165.848 
320.225 
223.866 
165.804 
320.166 
223.866 
165.811 
320.246 
223.871 
165.760 
320.295 
223.813 
165.780 
320.220 
223.935 
165.829 
320.335 
224.103 
165.769 
320.262 
223.895 
165.818 
320.282 
223.910 
165.822 
320.291 
223.832 
165.805 
320.396 
223.965 
165.990 
320.287 
223.899 
165.837 
320.289 
223.882 
165.785 
320.247 
223.861 
165.774 
320.239 
223.953 
165.949 
320.452 
223.872 
165.853 
320.231 
223.924 
165.766 
320.287 
223.876 
165.765 
320.281 
223.863 
165.848 
320.230 
223.828 
165.867 
320.286 
228.840 
165.734 
320.210 
223.801 
165.789 
320.157 
223.892 
165.794 
320.225 
223.828 
165.766 
320.272 
223.887 
165.788 
320.245 
223.847 
165.779 
320.232 
223.809 
165.738 
320.200 
223.793 
166.122 
320.251 
223.814 
165.772 
320.219 
224.418 
165.790 
320.243 
223.801 
165.741 
320.221 
224.188 
165.890 
320.312 
224.030 
165.817 
320.265 
223.909 
165.725 
320.164 
223.754 
165.731 
320.380 
223.815 
165.743 
320.225 
223.996 
165.740 
320.111 
223.823 
165.756 
320.156 
223.792 
165.725 
320.136 
223.782 
165.767 
320.220 
223.822 
165.717 
320.336 
223.828 
165.758 
320.246 
223.857 
165.821 
320.253 
223.840 
165.783 
320.302 
223.823 
165.783 
320.190 
223.851 
165.752 
320.194 
223.923 
165.853 
320.326 
223.867 
165.809 
320.546 
223.783 
165.772 
320.306 
223.821 
165.839 
320.269 
223.819 
165.880 
320.188 
223.891 
165.795 
320.210 
223.970 
165.752 
320.216 
223.936 
165.827 
320.262 
223.818 
165.921 
320.209 
223.911 
165.751 
320.245 
223.829 
165.869 
320.235 
223.789 
165.809 
320.173 
223.865 
166.051 
320.256 
223.852 
165.796 
320.201 
223.819 
165.783 
320.172 
223.968 
165.824 
320.277 
223.784 
165.732 
320.209 
223.764 
165.702 
320.173 
223.798 
165.775 
320.158 
223.862 
166.055 
320.292 
223.763 
165.740 
320.185 
223.827 
165.775 
320.223 
223.848 
165.806 
320.123 
223.980 
165.766 
320.199 
223.988 
165.713 
320.235 
223.770 
165.780 
320.185 
223.892 
165.816 
320.253 
223.916 
165.799 
320.209 
223.837 
168.580 
320.281 
223.915 
165.826 
320.282 
223.850 
165.802 
320.231 
223.866 
165.764 
320.252 
223.805 
165.783 
320.223 
223.785 
165.799 
320.370 
223.784 
165.718 
320.248 
223.792 
165.778 
320.191 
223.801 
165.773 
320.274 
223.915 
165.757 
320.209 
223.793 
165.778 
320.177 
223.823 
165.750 
320.291 
223.780 
165.749 
320.236 
223.968 
165.748 
320.228 
223.791 
165.726 
320.238 
223.806 
165.702 
320.172 
223.765 
165.999 
320.281 
223.775 
165.803 
320.174 
223.781 
165.734 
320.173 
223.818 
165.729 
320.410 
223.825 
165.706 
320.211 
223.860 
165.808 
320.262 
223.771 
165.738 
320.229 
223.910 
165.802 
320.184 
223.779 
165.693 
320.195 
223.817 
165.746 
320.326 
223.824 
165.732 
320.182 
223.907 
165.830 
320.216 
223.798 
165.745 
320.194 
223.816 
165.768 
320.271 
223.852 
165.783 
320.184 
223.815 
165.773 
320.163 
223.787 
165.732 
320.152 
223.739 
165.751 
320.183 
223.783 
165.773 
320.190 
223.760 
165.716 
320.231 
223.804 
165.776 
320.236 
223.824 
165.718 
320.185 
223.811 
165.710 
320.136 
223.808 
165.761 
320.155 
223.878 
165.836 
320.189 
224.088 
166.268 
320.226 
223.835 
165.785 
320.213 
223.837 
165.818 
320.223 
223.825 
165.741 
320.173 
223.826 
165.783 
320.132 
223.778 
165.738 
320.296 
223.870 
165.769 
320.214 
223.782 
165.731 
320.137 
223.786 
165.757 
320.317 
223.793 
165.717 
320.272 
223.923 
165.868 
320.327 
223.848 
165.841 
320.256 
224.002 
165.921 
320.225 
223.892 
165.829 
320.244 
223.862 
165.815 
320.148 
223.823 
165.704 
320.180 
223.832 
165.788 
320.357 
223.905 
165.746 
320.221 
223.878 
165.820 
320.348 
224.885 
165.755 
320.262 
223.821 
165.794 
320.206 
223.812 
165.813 
320.189 
223.822 
165.795 
320.334 
223.812 
165.812 
320.224 
223.830 
165.798 
320.201 
223.825 
165.725 
320.220 
223.842 
165.760 
320.249 
223.813 
165.780 
320.319 
223.846 
165.748 
320.358 
223.819 
165.737 
320.184 
223.836 
165.728 
320.210 
223.769 
165.789 
320.247 
223.780 
165.698 
320.233 
223.821 
165.796 
320.271 
223.799 
165.721 
320.185 
223.833 
165.732 
320.240 
223.814 
165.753 
320.191 
223.836 
165.709 
320.151 
223.807 
165.955 
320.225 
223.799 
165.883 
320.514 
223.871 
165.892 
320.264 
223.794 
165.709 
320.282 
223.840 
165.778 
320.176 
223.879 
165.885 
320.182 
223.822 
166.136 
320.162 
223.862 
165.756 
320.232 
223.822 
165.765 
320.259 
223.836 
165.736 
320.204 
223.995 
165.764 
320.200 
223.853 
165.769 
320.219 
223.851 
165.762 
321.163 
223.818 
165.746 
321.116 
223.833 
165.767 
321.085 
223.801 
165.769 
321.108 
223.822 
166.089 
321.136 
223.853 
165.780 
321.192 
223.810 
165.820 
321.159 
223.825 
165.788 
321.128 
223.801 
165.924 
321.117 
223.920 
166.120 
320.183 
223.828 
165.800 
320.189 
223.834 
165.792 
320.251 
223.852 
165.831 
320.305 
223.847 
165.948 
320.230 
223.858 
166.327 
320.215 
223.924 
165.787 
320.255 
223.981 
165.778 
320.220 
223.827 
165.799 
320.184 
223.825 
165.778 
320.283 
223.834 
165.827 
320.548 
223.897 
165.824 
320.324 
223.940 
165.864 
320.343 
223.835 
165.820 
320.260 
223.858 
165.778 
320.208 
223.855 
165.783 
320.271 
223.830 
165.760 
320.187 
224.135 
166.274 
320.245 
223.847 
165.808 
320.246 
223.843 
165.812 
320.254 
223.860 
165.774 
320.287 
223.840 
165.824 
320.220 
223.839 
165.771 
320.230 
224.005 
165.895 
320.286 
201.488 
188.487 
297.752 
201.431 
188.242 
297.847 
201.504 
188.335 
297.856 
201.444 
188.214 
297.874 
201.454 
188.178 
297.876 
201.420 
188.172 
297.909 
201.498 
188.218 
297.891 
201.453 
188.182 
297.843 
201.458 
188.291 
297.819 
201.451 
188.288 
298.004 
201.441 
188.274 
297.912 
201.370 
188.207 
297.805 
201.437 
188.291 
297.829 
201.436 
188.322 
297.842 
201.442 
188.197 
297.858 
201.425 
188.253 
297.990 
201.424 
188.218 
297.798 
201.575 
188.266 
297.926 
201.434 
188.190 
297.826 
201.500 
188.227 
297.835 
201.504 
188.282 
297.925 
201.447 
188.235 
297.860 
201.424 
188.228 
297.807 
201.433 
188.342 
297.764 
201.444 
188.186 
298.278 
203.410 
189.055 
297.818 
201.424 
188.396 
297.802 
201.417 
188.150 
297.790 
201.388 
188.154 
297.787 
201.424 
188.178 
297.784 
201.409 
188.157 
297.751 
201.424 
188.166 
297.771 
201.417 
188.204 
297.805 
201.434 
188.163 
297.775 
201.454 
188.179 
297.767 
201.426 
188.236 
297.831 
201.423 
188.168 
297.787 
201.640 
188.158 
297.899 
201.415 
188.163 
297.897 
201.411 
188.165 
297.751 
201.464 
188.710 
297.753 
201.429 
188.176 
297.782 
201.469 
188.365 
297.839 
201.462 
188.171 
297.820 
201.518 
188.276 
297.811 
201.483 
188.219 
297.816 
201.422 
188.317 
297.765 
201.461 
188.260 
297.825 
201.439 
188.186 
297.835 
201.425 
188.507 
297.921 
201.417 
188.174 
297.846 
201.472 
188.298 
297.866 
201.430 
188.193 
297.947 
201.454 
188.196 
297.822 
201.435 
188.238 
297.850 
201.490 
188.216 
297.795 
201.426 
188.204 
297.853 
201.459 
188.179 
297.807 
201.431 
188.214 
297.843 
201.425 
188.175 
297.843 
201.439 
188.179 
297.869 
201.604 
188.587 
297.823 
201.474 
188.205 
297.806 
201.512 
188.299 
297.813 
201.470 
188.215 
297.914 
201.510 
188.244 
297.896 
201.489 
188.222 
297.915 
203.436 
188.199 
297.856 
201.485 
188.252 
297.879 
201.471 
188.226 
297.866 
201.456 
188.200 
297.882 
201.534 
188.226 
297.801 
201.466 
188.329 
297.875 
201.491 
188.283 
297.910 
201.491 
188.291 
297.895 
201.436 
188.235 
297.864 
201.503 
188.621 
297.901 
201.531 
188.277 
297.891 
201.451 
188.278 
298.071 
201.568 
188.251 
297.820 
201.875 
188.255 
297.920 
201.485 
188.288 
297.870 
201.473 
188.224 
297.873 
201.464 
188.293 
297.909 
201.457 
188.213 
297.840 
201.428 
188.198 
297.868 
201.448 
188.195 
297.862 
201.509 
188.202 
297.886 
201.528 
188.580 
297.877 
201.478 
188.180 
297.802 
201.454 
188.227 
297.846 
201.680 
188.175 
297.834 
201.675 
188.510 
297.907 
201.462 
188.237 
297.809 
201.427 
188.253 
297.841 
201.408 
188.166 
297.840 
201.469 
188.236 
297.855 
201.459 
188.230 
297.835 
201.518 
188.275 
297.964 
201.517 
188.298 
297.856 
201.535 
188.236 
297.894 
201.485 
188.308 
297.818 
201.508 
188.209 
297.855 
201.464 
188.194 
297.952 
202.978 
188.205 
297.801 
201.458 
188.186 
297.855 
201.484 
188.220 
298.400 
201.452 
188.239 
297.968 
201.467 
188.214 
297.834 
201.446 
188.198 
297.828 
201.482 
188.215 
297.900 
201.493 
188.235 
297.786 
201.467 
188.282 
297.830 
201.513 
188.233 
297.844 
201.475 
188.283 
298.509 
201.488 
188.261 
297.894 
201.519 
188.228 
297.977 
201.543 
188.290 
297.844 
201.584 
188.279 
297.793 
201.535 
188.249 
297.950 
201.584 
188.207 
297.975 
201.542 
188.227 
297.912 
201.425 
188.216 
297.826 
201.494 
188.203 
297.911 
201.494 
188.222 
297.936 
201.453 
188.312 
297.891 
201.552 
188.306 
297.859 
201.479 
188.235 
297.830 
201.492 
188.222 
297.900 
201.465 
188.219 
297.899 
201.478 
188.222 
297.886 
201.631 
188.279 
297.932 
201.457 
188.399 
297.909 
201.486 
188.329 
297.871 
201.454 
188.201 
297.853 
201.433 
188.198 
297.739 
201.478 
188.185 
297.866 
201.461 
188.187 
297.859 
201.632 
188.171 
297.851 
201.400 
188.161 
297.857 
201.568 
188.256 
297.914 
201.533 
188.292 
297.965 
201.526 
188.498 
297.897 
201.528 
188.205 
297.874 
201.501 
188.219 
297.841 
201.446 
188.228 
297.994 
201.445 
188.144 
297.790 
201.500 
188.300 
297.862 
201.404 
188.255 
297.903 
201.430 
188.220 
297.903 
201.546 
188.267 
297.848 
201.412 
188.210 
297.793 
201.486 
188.343 
297.813 
201.469 
188.251 
297.849 
201.397 
188.193 
297.907 
201.366 
188.233 
297.874 
201.412 
188.162 
297.885 
201.359 
188.145 
297.782 
201.372 
188.135 
297.889 
201.438 
188.190 
297.781 
201.509 
188.342 
297.994 
201.417 
188.214 
297.739 
201.368 
188.228 
297.792 
201.468 
188.164 
297.845 
201.395 
188.276 
