216.274 
79.295 
124.299 
216.305 
79.266 
124.351 
216.305 
79.287 
124.417 
216.399 
79.332 
124.332 
216.324 
79.262 
124.329 
216.309 
79.214 
124.340 
216.356 
79.273 
124.313 
216.323 
79.287 
124.319 
216.337 
79.248 
124.350 
216.372 
79.257 
124.321 
216.309 
79.199 
124.354 
216.362 
79.303 
124.383 
216.346 
79.234 
124.334 
216.354 
79.264 
124.343 
216.302 
79.244 
124.367 
216.286 
79.266 
124.429 
216.290 
79.212 
124.326 
216.309 
79.277 
124.355 
216.273 
79.201 
124.354 
216.255 
79.264 
124.324 
216.299 
79.254 
124.399 
216.287 
79.267 
124.344 
216.287 
79.221 
124.394 
216.694 
79.987 
124.356 
216.304 
79.290 
124.327 
216.370 
79.284 
124.347 
216.308 
79.199 
124.366 
216.334 
79.237 
124.376 
216.307 
79.224 
124.488 
216.354 
79.297 
124.326 
216.322 
79.352 
124.436 
216.377 
79.468 
124.556 
222.513 
79.258 
124.374 
216.285 
79.423 
124.425 
216.400 
79.328 
124.412 
216.287 
79.368 
124.415 
222.334 
79.359 
124.437 
216.318 
79.358 
124.391 
216.286 
79.284 
124.342 
216.279 
79.314 
124.333 
216.289 
79.277 
124.383 
216.414 
79.815 
124.361 
216.302 
79.288 
124.332 
216.267 
79.288 
124.320 
216.326 
79.285 
124.337 
216.271 
80.838 
124.331 
216.290 
79.583 
124.316 
216.324 
79.295 
124.337 
216.287 
84.606 
124.315 
216.282 
79.274 
124.355 
216.275 
79.263 
124.327 
216.269 
79.255 
124.313 
216.290 
79.321 
124.344 
216.281 
79.285 
124.310 
216.237 
79.851 
124.376 
216.414 
79.312 
124.343 
216.270 
79.401 
124.340 
216.277 
81.410 
124.437 
216.252 
79.333 
124.335 
216.266 
79.290 
124.385 
216.248 
79.278 
124.322 
216.275 
79.328 
124.331 
216.298 
79.246 
124.354 
216.825 
79.259 
124.344 
216.310 
79.254 
124.342 
216.262 
79.247 
124.325 
216.291 
79.375 
124.345 
216.260 
79.251 
124.382 
216.287 
79.250 
124.348 
216.271 
79.321 
124.356 
216.286 
79.327 
124.336 
216.317 
79.259 
124.350 
216.272 
79.294 
124.405 
216.396 
79.330 
124.456 
216.395 
87.224 
124.369 
216.273 
79.294 
124.335 
216.321 
79.295 
124.373 
216.357 
79.259 
124.389 
216.269 
79.387 
124.350 
216.330 
79.288 
124.355 
216.328 
79.239 
124.372 
216.290 
79.235 
124.355 
216.339 
79.215 
124.334 
216.302 
79.225 
124.346 
216.284 
79.247 
124.381 
216.298 
79.209 
124.367 
216.289 
79.185 
124.364 
216.275 
79.234 
124.364 
216.291 
79.254 
124.358 
216.318 
79.243 
124.348 
216.294 
79.201 
124.475 
216.787 
79.746 
124.409 
216.273 
79.301 
124.351 
216.284 
79.232 
124.387 
216.305 
79.205 
124.458 
216.294 
79.189 
124.365 
216.359 
79.209 
124.346 
216.306 
79.253 
124.407 
216.424 
79.205 
124.375 
217.090 
79.186 
124.348 
216.362 
79.265 
124.366 
216.364 
79.249 
124.346 
216.351 
79.232 
124.362 
216.336 
79.247 
124.354 
216.295 
79.226 
124.358 
216.268 
79.234 
124.370 
216.269 
79.413 
124.337 
216.281 
79.283 
124.415 
216.356 
79.250 
124.360 
216.292 
79.259 
124.351 
216.270 
79.290 
124.392 
216.313 
79.256 
124.447 
216.297 
79.223 
124.381 
216.323 
79.306 
124.380 
216.348 
79.282 
124.400 
216.728 
81.123 
124.374 
216.299 
79.225 
124.342 
216.393 
79.256 
124.531 
216.671 
79.308 
124.378 
216.267 
79.258 
124.384 
216.302 
79.387 
124.341 
216.287 
79.425 
124.382 
216.329 
79.824 
124.329 
216.336 
79.310 
124.367 
216.311 
79.346 
124.367 
216.307 
79.277 
125.599 
216.295 
79.357 
125.655 
216.263 
79.237 
125.757 
216.254 
79.350 
125.595 
216.349 
79.256 
125.577 
216.308 
79.249 
125.563 
216.331 
79.261 
124.321 
216.291 
79.330 
124.348 
216.308 
79.266 
124.553 
216.303 
79.352 
124.384 
216.326 
79.269 
124.503 
216.316 
79.381 
124.334 
216.317 
79.364 
124.388 
216.399 
79.333 
124.377 
216.318 
79.307 
124.334 
216.300 
79.361 
124.346 
216.332 
79.238 
124.343 
216.377 
79.301 
124.404 
216.329 
79.290 
124.339 
216.367 
79.327 
124.362 
216.683 
79.248 
124.375 
216.294 
79.289 
124.368 
216.273 
79.201 
124.344 
216.300 
79.228 
124.422 
216.305 
79.319 
124.419 
216.356 
79.312 
124.441 
216.311 
79.218 
124.392 
216.322 
79.276 
124.382 
216.376 
79.174 
124.362 
216.340 
79.298 
124.376 
216.298 
79.243 
124.375 
216.328 
79.262 
124.361 
216.284 
79.220 
124.398 
216.319 
79.255 
124.417 
216.351 
79.280 
124.399 
216.333 
79.248 
124.364 
216.291 
81.055 
124.365 
216.351 
79.226 
124.399 
216.338 
79.260 
124.341 
216.328 
79.230 
124.456 
216.288 
79.201 
124.376 
216.514 
79.314 
124.399 
216.351 
79.249 
130.291 
216.335 
79.264 
124.369 
216.304 
79.261 
124.535 
216.308 
79.265 
124.373 
216.297 
79.231 
124.412 
216.351 
79.264 
124.422 
216.296 
79.267 
124.410 
216.263 
79.248 
124.393 
216.288 
79.279 
124.347 
216.330 
79.358 
124.406 
216.298 
79.251 
124.340 
216.332 
79.254 
124.346 
216.292 
79.241 
124.372 
216.270 
79.458 
126.148 
216.306 
79.267 
124.414 
216.286 
79.253 
124.338 
216.276 
79.257 
124.453 
216.295 
81.149 
124.382 
216.295 
79.217 
124.364 
216.346 
79.462 
124.389 
216.321 
79.316 
124.354 
216.376 
79.276 
124.364 
216.547 
79.368 
124.336 
216.326 
79.322 
124.343 
216.311 
79.289 
125.636 
216.423 
79.332 
125.577 
216.301 
79.309 
125.576 
216.303 
79.376 
125.614 
216.296 
79.365 
125.566 
216.325 
79.257 
125.630 
216.329 
79.330 
125.709 
216.301 
79.501 
125.569 
216.355 
80.388 
125.600 
216.299 
79.334 
125.596 
216.286 
79.353 
125.594 
216.294 
79.286 
125.562 
216.310 
79.257 
124.396 
216.307 
79.315 
124.318 
216.292 
79.309 
124.361 
216.329 
79.413 
124.345 
216.368 
79.425 
124.305 
216.332 
79.344 
124.322 
216.327 
79.325 
124.338 
216.447 
79.274 
124.405 
216.342 
79.291 
124.324 
216.347 
80.717 
124.352 
216.328 
79.316 
124.352 
216.494 
79.328 
124.351 
216.365 
79.364 
124.335 
216.333 
79.298 
124.364 
216.375 
79.281 
124.351 
216.395 
79.263 
124.366 
216.363 
79.280 
124.431 
216.289 
79.243 
124.382 
216.284 
79.327 
124.398 
216.287 
79.284 
124.349 
216.301 
79.265 
124.430 
238.740 
79.299 
124.432 
238.675 
79.288 
124.370 
238.693 
79.439 
124.363 
238.739 
79.303 
124.367 
238.745 
79.320 
124.350 
239.200 
79.307 
124.350 
238.859 
79.264 
124.416 
238.732 
79.276 
124.332 
238.750 
79.406 
124.378 
238.741 
79.322 
124.353 
238.714 
79.365 
124.337 
238.715 
79.272 
124.337 
238.714 
79.409 
124.403 
238.713 
79.323 
124.395 
238.692 
80.564 
124.407 
238.683 
80.242 
124.331 
238.704 
81.845 
124.326 
238.789 
79.566 
124.339 
238.691 
80.430 
124.324 
238.679 
79.608 
124.360 
238.731 
80.818 
124.429 
238.661 
79.727 
124.331 
238.667 
82.009 
124.322 
238.660 
79.552 
124.335 
238.730 
80.219 
124.308 
240.253 
79.915 
124.424 
238.665 
79.852 
124.418 
238.709 
85.825 
124.352 
238.801 
84.153 
124.315 
238.670 
81.327 
124.353 
238.709 
80.155 
124.332 
238.706 
79.448 
124.321 
238.714 
79.473 
124.326 
238.719 
79.352 
124.443 
238.662 
80.232 
124.332 
238.681 
80.151 
123.065 
238.683 
80.074 
123.061 
238.685 
80.331 
123.064 
238.670 
79.499 
123.098 
238.693 
79.554 
124.318 
238.696 
79.475 
124.324 
238.685 
79.874 
124.312 
238.726 
79.575 
123.179 
238.689 
79.298 
123.105 
238.798 
79.317 
123.049 
238.790 
79.290 
123.067 
238.731 
79.272 
123.061 
238.782 
79.324 
123.066 
238.699 
79.404 
123.058 
238.733 
79.671 
123.160 
238.727 
79.332 
123.074 
238.777 
79.275 
123.205 
238.765 
79.315 
123.100 
238.741 
79.305 
123.279 
238.751 
79.255 
123.131 
238.759 
79.232 
123.108 
238.802 
79.291 
123.085 
238.720 
79.330 
123.097 
238.756 
79.339 
123.074 
238.730 
79.313 
123.074 
238.748 
79.305 
123.092 
238.756 
79.295 
123.139 
238.854 
79.268 
123.111 
238.718 
79.279 
123.096 
238.746 
79.322 
123.157 
238.726 
79.292 
123.133 
239.062 
79.299 
123.112 
238.774 
79.301 
123.205 
238.883 
79.325 
123.176 
239.058 
85.178 
123.077 
238.934 
79.324 
123.086 
238.770 
79.312 
123.096 
238.727 
79.323 
123.110 
238.740 
79.336 
123.132 
238.727 
79.323 
123.070 
238.743 
79.373 
123.080 
238.726 
79.322 
123.099 
238.702 
79.320 
123.139 
238.737 
79.336 
123.121 
244.667 
79.322 
123.186 
238.755 
79.364 
123.075 
238.753 
79.351 
123.067 
238.689 
79.292 
123.284 
238.711 
79.567 
123.068 
238.697 
79.479 
123.078 
238.700 
80.535 
123.083 
238.710 
79.477 
123.173 
238.750 
79.379 
123.073 
238.668 
80.565 
123.085 
238.668 
82.865 
123.112 
238.692 
80.341 
123.071 
238.690 
79.839 
123.089 
238.744 
80.940 
123.097 
238.696 
80.078 
123.061 
238.702 
81.879 
123.127 
238.769 
79.370 
123.108 
238.667 
80.956 
123.089 
238.685 
79.434 
123.069 
238.658 
81.620 
123.084 
238.666 
79.675 
123.077 
238.655 
79.564 
123.138 
238.708 
79.267 
123.151 
238.698 
80.322 
123.056 
238.703 
79.320 
123.076 
238.684 
80.315 
123.063 
238.763 
79.287 
123.056 
238.680 
79.710 
123.049 
238.699 
79.713 
124.309 
238.666 
79.374 
124.333 
238.711 
79.467 
123.051 
238.710 
79.507 
124.314 
238.731 
79.383 
124.352 
238.696 
79.365 
123.219 
238.680 
79.306 
123.058 
238.954 
79.350 
123.166 
239.041 
79.274 
123.034 
238.705 
79.383 
123.085 
238.639 
79.250 
123.958 
238.685 
79.364 
123.936 
238.857 
79.483 
123.055 
238.975 
79.360 
123.070 
239.776 
79.832 
123.095 
238.739 
79.439 
123.065 
238.696 
79.399 
123.092 
238.728 
79.272 
123.099 
238.743 
79.414 
123.118 
238.688 
79.276 
123.096 
238.708 
79.322 
123.110 
238.695 
79.317 
123.084 
238.671 
79.347 
123.121 
238.703 
79.315 
123.078 
238.707 
79.270 
123.077 
238.711 
79.280 
123.082 
238.724 
79.316 
123.134 
238.683 
79.297 
123.300 
238.713 
79.348 
123.195 
238.741 
79.303 
123.112 
238.709 
79.303 
123.108 
238.697 
79.284 
123.077 
238.713 
79.360 
123.092 
238.727 
79.378 
123.085 
238.716 
84.814 
123.082 
238.709 
79.333 
123.193 
238.719 
79.303 
123.093 
238.717 
79.346 
123.148 
243.914 
79.280 
123.273 
238.695 
79.298 
123.102 
238.708 
79.296 
123.085 
238.753 
79.292 
123.071 
238.679 
79.356 
123.092 
238.679 
79.383 
123.077 
238.687 
79.429 
123.192 
238.683 
80.003 
123.089 
238.676 
79.739 
123.099 
238.691 
80.359 
123.130 
238.695 
82.124 
123.119 
240.444 
81.281 
123.099 
238.671 
80.892 
123.068 
238.672 
79.876 
123.055 
238.779 
79.298 
123.091 
238.671 
79.523 
123.070 
238.668 
80.001 
123.062 
238.663 
80.887 
123.105 
238.661 
79.649 
123.111 
