223.933 
47.999 
180.310 
223.968 
48.006 
180.285 
223.967 
47.997 
180.227 
223.938 
48.099 
180.247 
223.997 
48.085 
180.267 
223.929 
48.019 
180.296 
223.908 
47.992 
180.290 
223.983 
48.028 
180.274 
223.959 
48.113 
180.271 
223.933 
47.993 
180.268 
223.927 
47.994 
180.242 
223.948 
48.004 
180.269 
223.992 
48.002 
180.254 
223.863 
47.996 
180.237 
224.026 
48.004 
180.256 
223.949 
47.991 
180.284 
223.936 
48.001 
180.244 
223.958 
48.001 
180.214 
223.951 
48.002 
180.230 
223.909 
47.994 
180.261 
223.861 
47.992 
180.324 
223.847 
47.993 
180.318 
223.922 
48.005 
180.278 
223.847 
47.990 
180.264 
223.949 
48.006 
180.257 
223.875 
48.008 
180.254 
223.849 
47.990 
180.316 
223.832 
47.995 
180.286 
223.820 
48.051 
180.281 
223.849 
47.993 
180.276 
223.902 
48.003 
180.319 
223.904 
48.361 
180.301 
223.917 
48.004 
180.265 
223.927 
47.994 
180.254 
223.854 
47.995 
180.280 
223.897 
48.004 
180.285 
223.887 
48.011 
180.321 
223.925 
48.002 
180.322 
223.887 
48.000 
180.231 
223.863 
47.986 
180.253 
223.825 
48.004 
180.268 
223.851 
47.999 
180.334 
223.828 
47.999 
180.327 
223.829 
48.002 
180.279 
223.840 
48.003 
180.290 
223.894 
48.159 
180.262 
223.923 
47.996 
180.300 
223.793 
48.003 
180.292 
224.261 
47.993 
180.294 
223.837 
47.995 
180.283 
223.821 
47.996 
180.274 
223.828 
48.009 
180.302 
223.957 
48.000 
180.294 
223.803 
47.996 
180.302 
223.840 
47.997 
180.257 
223.771 
48.001 
180.284 
223.795 
47.993 
180.298 
223.859 
47.993 
180.312 
223.745 
47.992 
180.302 
223.809 
47.982 
180.270 
223.968 
48.006 
180.231 
223.857 
48.003 
180.249 
223.885 
48.000 
180.252 
223.799 
48.025 
180.277 
223.847 
47.997 
180.263 
223.799 
48.006 
180.279 
223.770 
47.997 
180.292 
223.810 
48.025 
180.310 
223.823 
47.996 
180.264 
223.816 
48.001 
180.214 
223.819 
47.999 
180.260 
223.860 
48.015 
180.258 
223.879 
48.019 
180.318 
223.844 
48.011 
180.326 
223.783 
48.002 
180.290 
223.823 
48.397 
180.254 
223.882 
47.997 
180.234 
223.808 
48.101 
180.262 
223.936 
48.003 
180.304 
224.014 
48.003 
180.315 
223.922 
48.003 
180.281 
223.858 
47.991 
180.280 
223.843 
48.004 
180.287 
223.825 
47.988 
180.240 
223.988 
47.995 
180.279 
223.826 
47.994 
180.221 
223.785 
48.004 
180.275 
223.810 
48.011 
180.245 
223.761 
48.012 
180.304 
223.874 
48.016 
180.299 
223.822 
47.998 
180.223 
223.809 
48.006 
180.232 
223.804 
47.997 
180.232 
224.246 
48.002 
180.298 
223.776 
48.001 
180.322 
223.784 
47.993 
180.266 
223.845 
48.005 
180.237 
223.819 
48.003 
180.223 
224.031 
48.004 
180.236 
223.968 
47.993 
180.260 
223.845 
48.008 
180.306 
223.901 
48.250 
180.283 
223.766 
48.135 
180.267 
223.806 
47.994 
180.236 
223.776 
48.057 
180.247 
223.962 
48.014 
180.239 
223.851 
48.011 
180.255 
223.796 
48.002 
180.240 
223.815 
47.998 
180.287 
223.802 
47.998 
180.296 
223.789 
47.997 
180.325 
223.875 
47.993 
180.295 
223.763 
48.004 
180.272 
223.788 
48.001 
180.269 
223.792 
47.995 
180.278 
223.758 
47.994 
180.266 
223.866 
48.003 
180.286 
223.781 
48.007 
180.295 
223.893 
48.007 
180.272 
223.795 
48.003 
180.309 
223.783 
48.005 
180.268 
223.849 
48.007 
180.260 
223.787 
48.005 
180.258 
223.791 
48.003 
180.284 
223.841 
47.996 
180.266 
223.891 
47.998 
180.329 
223.798 
48.054 
180.299 
223.803 
47.998 
180.241 
223.782 
47.997 
180.245 
223.783 
47.993 
180.240 
223.762 
48.009 
180.299 
223.809 
48.006 
180.312 
223.852 
47.992 
180.282 
223.777 
48.012 
180.284 
223.800 
48.005 
180.281 
223.792 
48.008 
180.272 
223.828 
47.998 
180.286 
223.809 
48.005 
180.282 
223.837 
48.017 
180.280 
223.761 
48.003 
180.258 
223.879 
48.006 
180.300 
223.858 
48.009 
180.297 
223.849 
48.002 
180.302 
223.930 
48.003 
180.240 
223.826 
48.005 
180.231 
223.984 
47.997 
180.251 
223.774 
47.994 
180.305 
223.874 
47.994 
180.311 
223.765 
48.261 
180.256 
223.779 
48.003 
180.299 
223.808 
48.004 
180.247 
223.777 
47.993 
180.278 
223.838 
48.002 
180.286 
223.807 
48.007 
180.293 
223.850 
47.989 
180.298 
223.774 
47.999 
180.285 
223.784 
48.004 
180.290 
223.806 
47.996 
180.314 
223.886 
48.000 
180.297 
223.826 
48.007 
180.258 
223.875 
48.015 
180.252 
223.872 
48.003 
180.277 
223.901 
48.014 
180.320 
223.904 
48.004 
180.323 
223.774 
47.998 
180.281 
223.886 
47.996 
180.250 
223.889 
47.986 
180.245 
223.942 
48.008 
180.277 
223.906 
48.003 
180.341 
223.897 
48.000 
180.291 
223.882 
48.005 
180.299 
223.782 
48.004 
180.310 
223.795 
47.993 
180.293 
223.807 
48.000 
180.300 
223.811 
47.996 
180.305 
223.793 
48.015 
180.265 
223.901 
47.998 
180.299 
223.819 
48.002 
180.287 
223.818 
47.992 
180.302 
223.779 
47.996 
180.275 
223.766 
48.154 
180.236 
223.817 
47.993 
180.227 
223.801 
48.029 
180.204 
223.845 
47.989 
180.247 
223.855 
48.314 
180.272 
223.834 
48.263 
180.261 
224.112 
48.015 
180.244 
223.841 
48.002 
180.263 
223.839 
48.001 
180.227 
223.825 
48.000 
180.266 
223.852 
47.992 
181.203 
223.830 
48.008 
181.188 
226.153 
47.996 
181.208 
223.809 
48.000 
181.233 
223.843 
48.001 
181.207 
236.046 
48.140 
181.211 
223.819 
48.012 
181.166 
223.840 
48.001 
181.178 
223.848 
47.992 
181.193 
223.850 
47.996 
181.200 
223.805 
48.017 
180.283 
223.852 
48.022 
180.295 
223.834 
48.015 
180.274 
223.856 
48.002 
180.230 
223.832 
48.008 
180.268 
223.833 
48.002 
180.272 
223.922 
48.002 
180.300 
223.860 
48.004 
180.289 
223.836 
48.021 
180.247 
223.936 
48.003 
180.291 
223.875 
48.119 
180.304 
223.949 
47.998 
180.268 
223.876 
48.015 
180.248 
223.870 
47.994 
180.229 
223.836 
47.990 
180.277 
223.847 
48.005 
180.299 
223.852 
48.197 
180.301 
223.841 
47.997 
180.338 
223.835 
48.010 
180.258 
223.870 
48.004 
180.261 
223.819 
48.005 
180.303 
223.871 
48.000 
180.277 
223.871 
47.994 
180.321 
201.451 
48.002 
180.284 
201.484 
47.993 
180.297 
201.421 
47.993 
180.268 
201.431 
47.997 
180.280 
201.426 
48.010 
180.302 
201.508 
48.002 
180.257 
201.434 
48.005 
180.283 
201.496 
47.998 
180.293 
201.458 
48.004 
180.337 
201.428 
47.999 
180.362 
201.430 
48.042 
180.320 
201.539 
48.040 
180.276 
201.417 
48.042 
180.262 
201.434 
48.019 
180.280 
201.419 
48.020 
180.331 
201.462 
48.040 
180.320 
201.576 
48.091 
180.286 
201.472 
48.137 
180.286 
201.489 
48.032 
180.289 
201.420 
48.037 
180.293 
201.451 
48.052 
180.294 
201.438 
48.122 
180.261 
201.427 
48.052 
180.302 
201.543 
48.068 
180.305 
201.429 
48.039 
180.288 
201.421 
48.021 
180.300 
201.432 
48.014 
180.264 
201.420 
48.005 
180.227 
201.417 
48.008 
180.228 
201.429 
48.032 
180.243 
201.416 
48.003 
180.292 
201.426 
48.004 
180.308 
201.402 
48.008 
180.232 
201.435 
48.009 
180.250 
201.431 
48.020 
180.212 
201.432 
48.004 
180.237 
201.406 
48.012 
180.237 
201.407 
48.009 
180.256 
201.969 
47.998 
180.275 
201.402 
48.016 
180.295 
201.395 
48.040 
180.258 
201.428 
48.002 
180.281 
201.426 
48.007 
180.269 
201.434 
47.996 
180.210 
201.441 
48.020 
180.232 
201.466 
48.016 
180.273 
201.436 
48.017 
180.261 
201.544 
48.015 
180.312 
201.470 
48.025 
180.254 
201.419 
48.002 
180.291 
201.490 
47.998 
180.251 
201.430 
47.996 
180.277 
201.430 
48.008 
180.279 
201.475 
48.291 
180.293 
201.432 
48.007 
180.279 
201.490 
48.008 
180.316 
201.433 
48.011 
180.293 
201.477 
48.006 
180.311 
201.423 
48.067 
180.232 
201.503 
48.396 
180.230 
201.443 
48.009 
180.233 
201.486 
47.995 
180.279 
201.438 
48.001 
180.296 
201.495 
48.182 
180.308 
201.462 
48.001 
180.281 
201.497 
47.990 
180.261 
201.492 
48.013 
180.243 
201.480 
48.004 
180.286 
201.446 
47.997 
180.292 
201.512 
47.993 
180.307 
203.935 
74.817 
207.087 
201.460 
48.041 
180.297 
201.455 
48.085 
180.289 
201.484 
48.048 
180.301 
201.414 
48.038 
180.292 
201.457 
48.014 
180.228 
201.479 
48.023 
180.254 
201.496 
48.226 
180.297 
201.490 
48.024 
180.308 
201.431 
48.033 
180.341 
201.429 
48.030 
180.297 
201.488 
48.044 
180.284 
201.548 
48.048 
180.253 
201.533 
48.017 
180.303 
201.479 
48.031 
180.319 
201.505 
48.020 
180.309 
201.477 
48.015 
180.316 
201.439 
47.997 
180.309 
201.494 
47.999 
180.329 
201.423 
48.022 
180.288 
201.467 
48.020 
180.274 
201.498 
48.004 
180.250 
202.299 
48.000 
180.237 
202.453 
48.015 
180.279 
201.431 
48.007 
180.287 
201.451 
48.010 
180.299 
201.461 
48.006 
180.266 
201.489 
48.001 
180.252 
201.466 
48.019 
180.218 
201.515 
48.016 
180.224 
201.507 
48.012 
180.247 
201.484 
48.008 
180.299 
201.458 
48.008 
180.246 
201.503 
48.009 
180.278 
201.459 
48.002 
180.261 
201.454 
48.000 
180.259 
201.553 
48.005 
180.254 
201.453 
48.011 
180.213 
201.466 
48.005 
180.237 
201.493 
48.003 
180.254 
201.459 
48.003 
180.284 
201.472 
48.000 
180.277 
201.452 
48.013 
180.298 
201.463 
47.998 
180.227 
201.516 
48.014 
180.244 
201.493 
48.008 
180.288 
201.507 
48.015 
180.292 
201.509 
48.009 
180.305 
201.543 
48.000 
180.291 
201.507 
48.021 
180.300 
201.564 
48.020 
180.304 
201.461 
48.011 
180.278 
201.439 
48.018 
180.276 
201.532 
48.174 
180.272 
201.535 
48.004 
180.247 
201.533 
48.009 
180.287 
201.465 
48.016 
180.292 
201.500 
48.002 
180.316 
201.552 
48.019 
180.295 
201.500 
48.017 
180.288 
201.532 
47.997 
180.229 
201.457 
47.996 
180.277 
201.481 
48.000 
180.260 
201.528 
48.239 
180.322 
201.458 
48.075 
180.333 
201.441 
47.996 
180.300 
201.501 
47.995 
180.297 
201.781 
48.002 
180.286 
201.491 
47.997 
180.269 
201.463 
48.006 
180.306 
202.051 
47.993 
180.235 
201.536 
48.030 
180.275 
201.569 
48.014 
180.287 
201.419 
47.993 
180.286 
201.767 
47.998 
180.344 
201.494 
48.063 
180.330 
201.469 
48.023 
180.244 
201.420 
48.001 
180.257 
201.496 
48.002 
180.257 
201.506 
48.050 
180.328 
201.415 
48.006 
180.349 
201.459 
48.022 
180.308 
201.500 
48.042 
180.315 
201.567 
48.003 
180.308 
201.619 
48.003 
180.284 
201.427 
48.007 
180.308 
201.378 
48.008 
180.284 
201.591 
48.008 
180.267 
201.399 
48.009 
180.299 
201.364 
48.005 
180.282 
201.477 
48.001 
180.308 
201.366 
48.084 
180.289 
201.409 
48.110 
180.251 
201.485 
48.053 
180.222 
201.401 
48.057 
180.239 
