320.357 
180.292 
133.231 
320.302 
180.283 
133.243 
320.272 
180.259 
133.200 
320.314 
180.268 
133.236 
320.244 
180.226 
133.189 
320.354 
180.256 
133.200 
320.296 
180.261 
133.210 
320.330 
180.272 
133.192 
320.319 
180.265 
133.298 
320.309 
180.266 
133.299 
320.328 
180.276 
133.235 
320.349 
180.232 
133.207 
320.329 
180.216 
133.162 
320.275 
180.209 
133.163 
320.319 
180.254 
133.175 
320.366 
180.286 
133.264 
320.296 
180.300 
133.238 
320.332 
180.268 
133.243 
320.272 
180.246 
133.255 
320.285 
180.237 
133.178 
320.302 
180.218 
133.183 
320.264 
180.277 
133.214 
320.274 
180.299 
133.356 
320.211 
180.285 
133.386 
320.259 
180.268 
133.210 
320.305 
180.285 
133.232 
320.205 
180.276 
133.214 
320.260 
180.270 
133.222 
320.230 
180.248 
133.208 
320.225 
180.281 
133.189 
320.371 
180.287 
133.216 
320.471 
180.306 
133.420 
320.360 
180.332 
133.275 
320.229 
180.275 
133.248 
320.304 
180.256 
133.182 
320.528 
180.224 
133.172 
320.292 
180.263 
133.242 
320.245 
180.304 
133.240 
320.326 
180.310 
133.247 
320.229 
180.267 
133.197 
320.272 
180.263 
133.164 
320.203 
180.249 
133.189 
320.266 
180.256 
133.215 
320.247 
180.262 
133.198 
320.284 
180.240 
133.216 
320.211 
180.269 
133.220 
320.201 
180.274 
133.219 
320.225 
180.295 
133.205 
320.185 
180.251 
133.232 
320.165 
180.257 
133.183 
320.293 
180.245 
133.189 
320.162 
180.250 
133.212 
320.168 
180.271 
133.210 
320.213 
180.294 
133.222 
320.281 
180.307 
133.260 
320.176 
180.256 
133.201 
320.119 
180.238 
133.164 
320.217 
180.236 
133.177 
320.201 
180.268 
133.184 
320.190 
180.292 
133.250 
320.202 
180.291 
133.284 
320.278 
180.254 
133.210 
320.241 
180.272 
133.221 
320.157 
180.237 
133.230 
320.202 
180.260 
133.197 
320.190 
180.277 
133.232 
320.180 
180.256 
133.210 
320.193 
180.285 
133.228 
320.244 
180.276 
133.224 
320.225 
180.304 
133.237 
320.269 
180.287 
133.283 
320.149 
180.251 
133.232 
320.351 
180.237 
133.184 
320.198 
180.245 
133.215 
320.275 
180.283 
133.235 
320.278 
180.302 
133.219 
320.270 
180.308 
133.246 
320.266 
180.281 
133.230 
320.172 
180.253 
133.203 
320.229 
180.242 
133.166 
320.168 
180.240 
133.219 
320.269 
180.270 
133.220 
320.179 
180.245 
133.178 
320.149 
180.248 
133.184 
320.156 
180.260 
133.193 
320.170 
180.279 
133.180 
320.167 
180.232 
133.361 
320.227 
180.251 
133.232 
320.195 
180.238 
133.184 
320.202 
180.272 
133.211 
320.195 
180.271 
133.206 
320.242 
180.275 
133.280 
320.230 
180.279 
133.216 
320.156 
180.234 
133.229 
320.119 
180.235 
133.179 
320.140 
180.216 
133.177 
320.192 
180.223 
133.373 
320.434 
180.288 
133.180 
320.291 
180.236 
133.184 
320.272 
180.240 
133.356 
320.335 
180.237 
133.221 
320.176 
180.240 
133.156 
320.128 
180.265 
133.199 
320.167 
180.270 
133.209 
320.146 
180.249 
133.205 
320.240 
180.239 
133.194 
320.360 
180.289 
133.304 
320.221 
180.304 
133.268 
320.272 
180.310 
133.232 
320.164 
180.239 
133.201 
320.148 
180.224 
133.168 
320.221 
180.232 
133.187 
320.247 
180.306 
133.226 
320.247 
180.309 
133.264 
320.142 
180.254 
133.216 
320.223 
180.275 
133.207 
320.185 
180.241 
133.233 
320.181 
180.208 
133.147 
320.215 
180.263 
133.203 
320.300 
180.293 
133.241 
320.179 
180.272 
133.227 
320.165 
180.281 
133.234 
320.250 
180.281 
133.238 
320.361 
180.317 
133.244 
320.159 
180.258 
133.196 
320.381 
180.248 
133.194 
320.190 
180.232 
133.169 
320.201 
180.271 
133.236 
320.215 
180.265 
133.363 
320.357 
180.289 
133.282 
320.220 
180.309 
133.237 
320.149 
180.250 
133.218 
320.111 
180.224 
133.265 
320.515 
180.248 
133.216 
320.168 
180.294 
133.222 
320.244 
180.296 
133.260 
320.182 
180.262 
133.294 
320.145 
180.268 
133.226 
320.302 
180.273 
133.221 
320.170 
180.239 
133.144 
320.161 
180.251 
133.205 
320.305 
180.266 
133.212 
320.158 
180.261 
133.228 
320.177 
180.269 
133.229 
320.241 
180.264 
133.224 
320.219 
180.301 
133.230 
320.183 
180.264 
133.210 
320.135 
180.245 
133.196 
320.144 
180.227 
133.150 
320.179 
180.243 
133.174 
320.217 
180.278 
133.227 
320.231 
180.298 
133.238 
320.277 
180.306 
133.345 
320.249 
180.268 
133.235 
320.171 
180.270 
133.180 
320.173 
180.256 
133.215 
320.220 
180.288 
133.204 
320.246 
180.321 
133.240 
320.256 
180.266 
133.259 
320.208 
180.274 
133.234 
320.238 
180.282 
133.235 
320.231 
180.267 
133.337 
320.213 
180.284 
133.331 
320.177 
180.263 
133.220 
320.186 
180.247 
133.192 
320.247 
180.272 
133.233 
320.395 
180.279 
133.229 
320.361 
180.302 
133.276 
320.283 
180.317 
133.277 
320.210 
180.302 
133.239 
320.222 
180.246 
133.174 
320.150 
180.259 
133.203 
320.185 
180.263 
133.205 
320.241 
180.314 
133.250 
320.213 
180.301 
133.255 
320.207 
180.259 
133.206 
320.211 
180.280 
133.192 
320.168 
180.244 
133.202 
320.138 
180.248 
133.652 
320.503 
180.250 
133.176 
320.128 
180.198 
133.173 
320.132 
180.252 
133.197 
320.228 
180.261 
133.189 
320.230 
180.250 
133.185 
320.234 
180.277 
133.237 
320.140 
180.227 
133.172 
320.179 
180.200 
133.142 
320.167 
180.199 
133.164 
320.212 
180.241 
133.387 
320.901 
181.064 
134.155 
321.137 
181.226 
134.148 
321.211 
181.194 
134.167 
321.080 
181.187 
134.157 
321.053 
181.163 
134.097 
333.320 
181.154 
134.107 
321.127 
181.156 
134.121 
321.137 
181.203 
134.174 
321.151 
181.190 
134.130 
321.121 
181.196 
134.142 
320.210 
180.251 
133.215 
320.180 
180.252 
133.199 
320.235 
180.266 
133.219 
320.278 
180.227 
133.190 
320.193 
180.211 
133.156 
320.212 
180.262 
133.215 
320.221 
180.244 
133.194 
320.257 
180.302 
133.269 
320.314 
180.319 
133.267 
320.244 
180.252 
133.201 
320.212 
180.250 
133.196 
320.224 
180.240 
133.203 
320.292 
180.302 
133.240 
320.368 
180.296 
133.238 
320.185 
180.262 
133.232 
320.216 
180.260 
133.185 
320.204 
180.246 
133.201 
320.379 
180.237 
133.187 
320.248 
180.249 
133.237 
320.155 
180.254 
133.224 
320.233 
180.295 
133.222 
320.249 
180.279 
133.230 
320.413 
180.297 
133.246 
297.877 
180.341 
133.289 
297.880 
180.307 
133.231 
297.808 
180.260 
133.226 
297.789 
180.234 
133.189 
297.831 
180.248 
133.179 
298.566 
180.332 
133.227 
297.910 
180.313 
133.252 
297.838 
180.325 
133.263 
297.815 
180.272 
133.224 
297.815 
180.268 
133.217 
297.807 
180.256 
133.231 
297.813 
180.272 
133.314 
297.820 
180.296 
133.281 
297.829 
180.268 
133.256 
297.839 
180.292 
133.270 
297.799 
180.295 
133.311 
297.882 
180.337 
133.278 
297.866 
180.325 
133.334 
297.995 
180.260 
133.411 
297.797 
180.265 
133.255 
297.817 
180.252 
133.288 
297.890 
180.291 
133.285 
297.886 
180.304 
133.295 
297.884 
180.277 
133.282 
297.817 
180.274 
133.277 
297.942 
180.222 
133.267 
297.760 
180.240 
133.212 
297.804 
180.236 
133.230 
297.818 
180.266 
133.233 
297.825 
180.278 
133.293 
297.834 
180.251 
133.206 
297.837 
180.254 
133.232 
297.784 
180.242 
133.233 
297.769 
180.218 
133.391 
297.780 
180.251 
133.196 
297.732 
180.202 
133.146 
297.777 
180.249 
133.187 
297.777 
180.241 
133.188 
297.800 
180.263 
133.235 
297.811 
180.266 
133.239 
297.780 
180.277 
133.240 
297.749 
180.226 
133.158 
297.786 
180.229 
133.178 
297.754 
180.226 
133.193 
297.831 
180.258 
133.222 
297.947 
180.247 
133.272 
297.798 
180.246 
133.224 
297.883 
180.267 
133.544 
298.105 
180.241 
133.234 
297.852 
180.238 
133.181 
297.788 
180.251 
133.231 
297.790 
180.259 
133.215 
297.813 
180.267 
133.189 
297.815 
180.278 
133.240 
297.818 
180.286 
133.366 
297.855 
180.283 
133.269 
297.877 
180.313 
133.290 
297.775 
180.228 
133.195 
297.783 
180.206 
133.165 
297.813 
180.226 
133.158 
297.868 
180.253 
133.219 
297.911 
180.302 
133.253 
297.864 
180.289 
133.209 
297.812 
180.262 
133.193 
297.810 
180.264 
133.215 
297.820 
180.231 
133.188 
297.878 
180.266 
133.237 
297.880 
180.267 
133.211 
297.861 
180.280 
133.239 
297.882 
180.267 
133.233 
297.877 
207.096 
133.236 
297.924 
180.327 
133.287 
297.902 
180.319 
133.286 
297.890 
180.275 
133.345 
297.783 
180.244 
133.201 
297.819 
180.246 
133.193 
297.933 
180.304 
133.340 
298.102 
180.305 
133.288 
297.901 
180.313 
133.287 
297.969 
180.281 
133.267 
297.819 
180.276 
133.265 
297.834 
180.255 
133.247 
297.931 
180.262 
133.243 
297.898 
180.297 
133.306 
297.916 
180.301 
133.264 
297.851 
180.295 
133.271 
297.881 
180.297 
133.240 
297.862 
180.296 
133.254 
298.025 
180.332 
133.289 
297.856 
180.283 
133.262 
297.834 
180.256 
133.249 
297.793 
180.234 
133.183 
298.015 
180.245 
133.211 
297.889 
180.274 
133.235 
297.840 
180.282 
133.261 
297.868 
180.283 
133.268 
297.845 
180.267 
133.230 
297.805 
180.214 
133.194 
297.811 
180.230 
133.219 
297.864 
180.218 
133.202 
297.871 
180.270 
133.220 
297.835 
180.252 
133.251 
297.837 
180.276 
133.210 
297.815 
180.237 
133.259 
297.831 
180.275 
133.207 
297.839 
180.277 
133.226 
297.880 
180.243 
133.178 
297.786 
180.211 
133.178 
297.797 
180.208 
133.157 
297.900 
180.256 
133.212 
297.846 
180.272 
133.330 
297.890 
180.287 
133.233 
297.818 
180.288 
133.252 
297.838 
180.238 
133.198 
297.977 
180.210 
133.153 
297.878 
180.257 
133.225 
297.876 
180.251 
133.225 
297.894 
180.293 
133.306 
297.894 
180.266 
133.212 
297.902 
180.282 
133.232 
297.935 
180.317 
133.256 
297.908 
180.263 
133.221 
297.842 
180.262 
133.229 
297.888 
180.264 
133.220 
297.847 
180.233 
133.214 
297.897 
180.276 
133.214 
297.852 
180.281 
133.251 
297.939 
180.295 
133.213 
297.881 
180.304 
133.271 
297.818 
180.297 
133.268 
297.837 
180.235 
133.188 
297.853 
180.253 
133.210 
297.847 
180.242 
133.211 
297.931 
180.287 
133.251 
297.900 
180.334 
133.276 
297.775 
180.290 
133.258 
299.989 
180.304 
133.226 
297.891 
180.275 
133.228 
297.779 
180.265 
133.291 
297.806 
180.301 
133.216 
297.798 
180.271 
133.223 
297.911 
180.253 
133.217 
297.963 
180.275 
133.302 
297.891 
180.250 
133.245 
297.986 
180.321 
133.259 
298.124 
180.295 
133.235 
297.858 
180.305 
133.278 
297.820 
180.238 
133.228 
297.837 
180.253 
133.197 
297.928 
180.267 
133.225 
297.887 
180.320 
133.254 
297.873 
180.302 
133.266 
297.884 
180.247 
133.231 
297.810 
180.267 
133.241 
297.825 
180.275 
133.232 
297.806 
180.249 
133.211 
297.909 
180.294 
133.261 
297.938 
180.274 
133.231 
297.799 
180.284 
133.208 
297.798 
180.270 
133.240 
297.835 
180.274 
133.246 
297.806 
180.271 
133.303 
297.772 
180.277 
133.325 
297.839 
180.233 
133.477 
297.794 
180.226 
133.198 
