192.460 
79.238 
206.058 
192.454 
79.530 
207.320 
192.573 
79.252 
206.149 
192.455 
79.300 
206.232 
192.458 
79.268 
207.439 
192.500 
79.284 
206.142 
192.496 
79.253 
206.217 
192.459 
79.304 
206.121 
192.492 
79.265 
206.139 
192.496 
79.239 
206.139 
192.520 
79.230 
206.142 
192.434 
80.793 
207.373 
192.455 
79.284 
207.406 
192.473 
79.267 
206.145 
192.433 
79.229 
206.139 
192.494 
79.275 
206.209 
192.513 
79.241 
206.105 
192.412 
79.232 
206.118 
192.412 
79.255 
206.213 
192.423 
79.225 
206.124 
192.471 
79.254 
206.165 
192.456 
79.261 
206.225 
192.471 
79.313 
206.158 
192.364 
79.213 
206.143 
192.351 
79.301 
206.258 
192.342 
79.281 
206.210 
192.485 
79.223 
206.184 
192.312 
79.232 
206.111 
192.505 
79.232 
206.164 
192.396 
79.188 
206.163 
192.421 
79.261 
206.164 
192.371 
79.244 
206.158 
192.431 
79.276 
207.312 
192.359 
79.505 
207.991 
192.299 
79.271 
206.193 
192.376 
79.297 
206.125 
192.457 
79.891 
206.133 
192.412 
79.313 
206.172 
192.398 
79.291 
206.124 
192.347 
79.301 
206.122 
192.363 
79.300 
206.197 
192.393 
79.306 
206.706 
192.397 
79.332 
206.103 
192.462 
79.274 
206.257 
192.352 
79.258 
206.120 
192.450 
79.262 
206.144 
192.395 
79.287 
206.178 
192.353 
79.321 
206.173 
192.303 
79.295 
206.124 
192.310 
79.296 
207.301 
192.463 
79.403 
206.896 
192.295 
79.264 
207.393 
192.387 
79.344 
207.340 
192.318 
79.247 
206.085 
192.303 
80.005 
207.457 
192.435 
79.278 
207.434 
192.349 
79.290 
207.359 
192.319 
79.281 
206.204 
192.387 
79.327 
207.463 
192.280 
79.277 
207.406 
192.294 
79.226 
206.180 
192.388 
79.340 
206.158 
192.398 
79.264 
207.480 
192.375 
79.281 
207.451 
192.363 
79.334 
207.759 
192.363 
79.311 
207.417 
192.344 
79.294 
206.158 
192.298 
80.170 
207.387 
192.319 
79.281 
206.075 
192.369 
79.272 
206.144 
192.350 
79.334 
206.184 
192.377 
79.277 
207.419 
192.344 
79.299 
206.146 
192.372 
79.351 
206.174 
192.502 
79.255 
206.162 
192.428 
79.266 
206.192 
192.279 
79.623 
207.485 
192.354 
79.291 
207.505 
192.412 
79.268 
207.363 
192.295 
79.243 
207.390 
192.379 
79.242 
207.494 
192.340 
79.291 
207.388 
192.345 
79.240 
207.483 
192.372 
79.261 
207.393 
192.341 
79.263 
207.472 
192.353 
79.216 
207.426 
192.397 
79.256 
207.421 
192.370 
79.236 
207.428 
192.321 
79.270 
207.373 
192.332 
79.174 
207.400 
192.320 
79.244 
207.331 
192.347 
79.277 
207.358 
192.350 
79.273 
208.449 
192.365 
79.221 
207.530 
192.365 
79.201 
207.394 
192.362 
79.616 
207.429 
192.400 
79.294 
207.360 
192.312 
79.204 
207.357 
192.355 
79.224 
207.454 
192.274 
79.214 
207.431 
192.313 
79.221 
207.443 
192.444 
79.183 
207.375 
192.456 
79.219 
207.404 
192.432 
79.266 
207.404 
192.324 
79.288 
207.638 
192.359 
79.384 
207.401 
192.306 
79.295 
207.448 
192.274 
79.329 
207.406 
192.291 
79.273 
207.312 
192.316 
79.238 
207.422 
192.346 
79.266 
207.443 
192.415 
79.227 
207.351 
192.377 
79.258 
207.412 
192.320 
80.971 
206.230 
192.391 
79.280 
206.079 
192.252 
79.275 
206.164 
192.613 
79.283 
206.105 
192.269 
79.332 
206.247 
192.276 
79.289 
206.113 
192.272 
79.351 
206.188 
192.295 
79.311 
207.229 
192.378 
79.319 
207.044 
192.309 
79.265 
206.185 
192.276 
79.328 
206.096 
192.310 
79.331 
206.144 
192.313 
79.260 
206.109 
192.347 
79.277 
206.150 
192.271 
79.317 
206.188 
192.315 
79.307 
206.106 
192.307 
79.315 
207.410 
192.309 
79.329 
206.111 
192.314 
79.327 
207.322 
192.338 
79.267 
206.112 
192.290 
79.302 
207.384 
192.325 
79.336 
207.379 
192.249 
79.322 
206.152 
192.360 
79.249 
206.108 
192.341 
79.431 
206.225 
192.380 
79.294 
206.073 
192.331 
79.380 
206.190 
192.339 
79.278 
206.113 
192.388 
79.365 
206.165 
192.357 
79.252 
206.217 
192.345 
79.336 
206.121 
192.323 
79.258 
206.142 
192.244 
79.254 
207.403 
192.413 
79.267 
207.445 
192.305 
79.233 
207.391 
192.327 
79.294 
207.375 
192.232 
79.331 
207.595 
192.246 
79.261 
206.090 
192.334 
79.274 
207.446 
192.301 
79.282 
206.114 
192.324 
79.209 
206.101 
192.416 
79.761 
206.126 
192.321 
79.554 
206.128 
192.342 
79.275 
206.147 
192.285 
79.320 
206.114 
192.401 
79.233 
206.119 
192.335 
79.287 
206.142 
192.330 
79.315 
206.042 
192.400 
79.274 
206.095 
192.313 
79.349 
206.156 
192.272 
79.328 
206.139 
192.322 
79.232 
206.126 
192.296 
79.353 
206.103 
192.376 
79.206 
206.209 
192.268 
79.372 
206.173 
192.459 
79.220 
206.251 
192.297 
79.367 
206.182 
192.322 
79.275 
206.248 
192.309 
79.223 
206.181 
192.307 
79.247 
206.207 
192.282 
79.878 
206.320 
192.361 
79.211 
206.185 
192.459 
79.303 
206.209 
192.314 
79.252 
206.511 
192.305 
79.259 
206.264 
192.425 
79.231 
206.097 
192.241 
79.283 
206.247 
192.249 
79.361 
206.198 
192.436 
79.305 
206.169 
192.391 
79.256 
206.152 
192.503 
79.283 
206.114 
192.322 
79.314 
206.172 
192.349 
79.327 
206.222 
192.348 
79.308 
206.142 
192.409 
79.347 
206.203 
192.328 
79.273 
206.121 
192.342 
79.530 
206.167 
192.308 
79.323 
207.418 
192.303 
79.306 
206.114 
192.327 
79.331 
206.277 
192.374 
79.287 
206.188 
192.440 
79.353 
206.100 
204.635 
81.104 
207.881 
192.386 
79.313 
206.062 
192.400 
79.328 
207.381 
192.336 
79.518 
207.499 
192.392 
79.428 
206.138 
192.412 
79.373 
206.114 
192.315 
79.356 
206.282 
192.354 
79.287 
207.477 
192.376 
79.353 
206.260 
192.764 
79.409 
206.231 
192.339 
79.379 
206.317 
192.355 
79.272 
207.504 
192.401 
79.319 
207.569 
192.390 
79.336 
207.469 
192.389 
79.271 
206.244 
192.403 
79.254 
208.055 
192.484 
79.296 
206.232 
192.388 
79.472 
206.253 
192.430 
79.330 
206.266 
192.524 
79.281 
206.237 
192.384 
79.362 
206.243 
192.325 
79.248 
206.209 
192.359 
79.493 
207.989 
192.420 
79.247 
206.206 
192.408 
79.318 
206.294 
192.369 
79.283 
206.230 
192.354 
79.293 
206.154 
192.595 
79.286 
206.247 
169.931 
79.293 
207.534 
170.033 
79.292 
207.496 
169.962 
79.294 
207.505 
169.958 
83.476 
210.234 
169.956 
79.287 
207.492 
170.083 
79.318 
207.537 
170.021 
80.618 
211.599 
169.922 
79.358 
207.526 
169.956 
79.372 
207.536 
169.943 
79.301 
207.528 
169.933 
79.296 
207.498 
169.951 
79.301 
207.471 
169.909 
79.333 
207.452 
169.964 
79.315 
207.431 
169.995 
80.065 
207.657 
169.984 
80.860 
211.951 
170.022 
94.507 
208.006 
170.003 
83.861 
215.519 
170.002 
82.116 
209.744 
169.979 
80.286 
208.001 
169.961 
80.503 
208.763 
169.978 
79.887 
208.050 
170.002 
81.014 
207.561 
169.977 
81.877 
207.513 
169.959 
81.456 
207.631 
170.110 
79.678 
218.859 
169.989 
81.655 
207.314 
169.984 
81.472 
207.824 
169.927 
82.648 
214.425 
170.009 
79.647 
206.356 
170.296 
79.438 
206.681 
169.917 
79.596 
206.736 
169.977 
82.790 
210.208 
169.951 
79.584 
209.802 
169.961 
79.845 
208.437 
169.933 
80.139 
208.645 
169.974 
79.500 
206.247 
169.996 
79.838 
206.303 
169.968 
81.050 
207.866 
169.932 
79.401 
207.688 
170.189 
79.370 
206.167 
169.959 
79.347 
206.488 
169.988 
80.494 
207.418 
169.960 
79.323 
207.611 
170.007 
79.777 
207.506 
170.008 
79.305 
207.527 
169.964 
79.268 
206.248 
170.030 
81.350 
206.261 
169.965 
79.425 
206.376 
169.986 
79.294 
206.159 
169.961 
79.320 
206.201 
169.963 
79.287 
206.121 
169.954 
79.314 
206.222 
169.963 
79.306 
206.257 
170.008 
79.285 
206.340 
170.024 
79.319 
206.238 
169.997 
79.291 
206.181 
170.011 
79.284 
206.194 
169.991 
79.284 
206.221 
169.962 
79.317 
207.507 
169.969 
79.290 
207.484 
169.982 
79.290 
207.487 
169.932 
79.298 
207.450 
169.979 
79.304 
207.392 
169.999 
79.307 
208.036 
169.999 
79.285 
208.027 
170.030 
79.439 
208.146 
170.040 
79.279 
208.071 
169.992 
79.278 
206.849 
170.061 
85.219 
212.675 
170.006 
79.319 
206.817 
169.995 
79.322 
206.857 
169.989 
79.323 
206.745 
169.974 
79.571 
206.826 
170.030 
79.348 
206.829 
169.996 
79.293 
206.851 
170.050 
79.428 
206.826 
170.026 
79.313 
206.842 
170.053 
79.293 
206.825 
170.016 
79.297 
207.051 
170.000 
79.283 
206.867 
170.014 
79.352 
206.823 
170.063 
79.322 
206.883 
170.057 
79.439 
206.975 
169.953 
79.360 
206.882 
169.962 
79.793 
206.845 
169.992 
79.624 
206.949 
169.958 
81.341 
206.991 
170.022 
80.173 
206.369 
170.023 
83.054 
206.746 
169.998 
79.667 
206.268 
169.934 
79.362 
207.630 
170.011 
80.881 
207.733 
169.988 
79.319 
208.546 
169.970 
83.078 
209.281 
169.996 
79.635 
207.479 
170.001 
88.330 
214.372 
169.994 
79.443 
208.363 
169.985 
80.528 
207.641 
170.007 
81.200 
206.346 
170.092 
79.709 
207.194 
170.072 
79.523 
207.501 
169.993 
79.382 
206.672 
170.004 
81.770 
206.324 
170.016 
79.963 
206.159 
170.012 
79.562 
208.059 
169.964 
79.284 
207.319 
169.981 
79.435 
206.285 
169.949 
79.354 
207.399 
169.988 
79.294 
206.162 
170.019 
79.485 
206.208 
169.992 
79.305 
207.410 
170.023 
80.624 
206.138 
169.993 
79.291 
207.444 
170.095 
79.315 
207.442 
170.094 
79.322 
206.183 
170.118 
79.367 
206.182 
170.026 
79.323 
206.143 
170.081 
79.230 
206.149 
170.027 
79.291 
206.180 
169.958 
79.296 
206.209 
170.004 
79.298 
206.191 
169.973 
79.255 
206.260 
170.082 
79.291 
206.217 
170.019 
79.291 
206.258 
170.004 
79.294 
206.268 
169.987 
79.250 
206.190 
170.006 
79.295 
206.366 
170.008 
79.317 
209.099 
170.013 
79.284 
206.190 
170.047 
79.381 
206.177 
169.973 
79.280 
206.174 
170.057 
79.289 
206.210 
170.006 
79.298 
206.139 
169.921 
79.326 
206.165 
169.984 
79.260 
206.124 
169.927 
79.318 
206.156 
169.948 
81.592 
206.157 
170.003 
79.303 
207.403 
170.168 
79.311 
207.376 
170.118 
79.309 
206.122 
170.089 
79.312 
206.127 
170.002 
79.351 
206.154 
170.071 
79.296 
206.121 
169.984 
79.260 
206.205 
169.931 
79.301 
206.235 
170.026 
79.299 
207.423 
169.998 
83.432 
207.520 
170.118 
79.317 
207.366 
170.051 
79.391 
207.486 
170.009 
87.326 
207.519 
170.001 
79.502 
207.433 
169.977 
79.506 
208.329 
170.034 
88.636 
207.787 
169.943 
80.882 
210.288 
169.924 
80.711 
211.171 
170.118 
79.796 
216.145 
169.944 
83.234 
210.284 
170.033 
80.245 
208.696 
169.960 
79.300 
207.596 
169.933 
79.598 
207.594 
169.923 
79.855 
207.548 
169.913 
79.775 
206.310 
169.947 
79.773 
206.538 
